 0.00000000e+00  0.00000000e+00 
 1.00000000e-01  6.57327937e-05 
 2.00000000e-01  1.30514741e-04 
 3.00000000e-01  1.94286125e-04 
 4.00000000e-01  2.56981661e-04 
 5.00000000e-01  3.18528663e-04 
 6.00000000e-01  3.78846134e-04 
 7.00000000e-01  4.37843387e-04 
 8.00000000e-01  4.95418354e-04 
 9.00000000e-01  5.51455502e-04 
 1.00000000e+00  6.05823240e-04 
 1.10000000e+00  6.58370660e-04 
 1.20000000e+00  7.08923400e-04 
 1.30000000e+00  7.57278349e-04 
 1.40000000e+00  8.03196839e-04 
 1.50000000e+00  8.46395910e-04 
 1.60000000e+00  8.86537408e-04 
 1.70000000e+00  9.23215782e-04 
 1.80000000e+00  9.55950170e-04 
 1.90000000e+00  9.84205288e-04 
 2.00000000e+00  1.00752445e-03 
 2.10000000e+00  1.02590463e-03 
 2.20000000e+00  1.04012256e-03 
 2.30000000e+00  1.05131520e-03 
 2.40000000e+00  1.06039896e-03 
 2.50000000e+00  1.06798447e-03 
 2.60000000e+00  1.07447461e-03 
 2.70000000e+00  1.08014301e-03 
 2.80000000e+00  1.08518120e-03 
 2.90000000e+00  1.08972667e-03 
 3.00000000e+00  1.09388043e-03 
 3.10000000e+00  1.09771814e-03 
 3.20000000e+00  1.10129756e-03 
 3.30000000e+00  1.10466371e-03 
 3.40000000e+00  1.10785295e-03 
 3.50000000e+00  1.11089652e-03 
 3.60000000e+00  1.11382437e-03 
 3.70000000e+00  1.11666944e-03 
 3.80000000e+00  1.11947258e-03 
 3.90000000e+00  1.12228779e-03 
 4.00000000e+00  1.12518748e-03 
 4.10000000e+00  1.12826697e-03 
 4.20000000e+00  1.13164776e-03 
 4.30000000e+00  1.13547870e-03 
 4.40000000e+00  1.13993464e-03 
 4.50000000e+00  1.14521232e-03 
 4.60000000e+00  1.15152361e-03 
 4.70000000e+00  1.15908672e-03 
 4.80000000e+00  1.16811628e-03 
 4.90000000e+00  1.17881351e-03 
 5.00000000e+00  1.19135762e-03 
 5.10000000e+00  1.20589918e-03 
 5.20000000e+00  1.22255617e-03 
 5.30000000e+00  1.24141256e-03 
 5.40000000e+00  1.26251916e-03 
 5.50000000e+00  1.28589631e-03 
 5.60000000e+00  1.31153764e-03 
 5.70000000e+00  1.33941443e-03 
 5.80000000e+00  1.36948008e-03 
 5.90000000e+00  1.40167431e-03 
 6.00000000e+00  1.43592695e-03 
 6.10000000e+00  1.47216119e-03 
 6.20000000e+00  1.51029627e-03 
 6.30000000e+00  1.55024958e-03 
 6.40000000e+00  1.59193841e-03 
 6.50000000e+00  1.63528116e-03 
 6.60000000e+00  1.68019824e-03 
 6.70000000e+00  1.72661279e-03 
 6.80000000e+00  1.77445102e-03 
 6.90000000e+00  1.82364251e-03 
 7.00000000e+00  1.87412036e-03 
 7.10000000e+00  1.92582116e-03 
 7.20000000e+00  1.97868500e-03 
 7.30000000e+00  2.03265537e-03 
 7.40000000e+00  2.08767905e-03 
 7.50000000e+00  2.14370594e-03 
 7.60000000e+00  2.20068892e-03 
 7.70000000e+00  2.25858369e-03 
 7.80000000e+00  2.31734861e-03 
 7.90000000e+00  2.37694454e-03 
 8.00000000e+00  2.43733466e-03 
 8.10000000e+00  2.49848434e-03 
 8.20000000e+00  2.56036101e-03 
 8.30000000e+00  2.62293400e-03 
 8.40000000e+00  2.68617441e-03 
 8.50000000e+00  2.75005502e-03 
 8.60000000e+00  2.81455014e-03 
 8.70000000e+00  2.87963554e-03 
 8.80000000e+00  2.94528832e-03 
 8.90000000e+00  3.01148686e-03 
 9.00000000e+00  3.07821071e-03 
1.25Volts
 0.00000000e+00  3.60567350e-21 
 1.00000000e-01  7.02308784e-05 
 2.00000000e-01  1.40000137e-04 
 3.00000000e-01  2.09292225e-04 
 4.00000000e-01  2.78090843e-04 
 5.00000000e-01  3.46378731e-04 
 6.00000000e-01  4.14137636e-04 
 7.00000000e-01  4.81348228e-04 
 8.00000000e-01  5.47990010e-04 
 9.00000000e-01  6.14041219e-04 
 1.00000000e+00  6.79478713e-04 
 1.10000000e+00  7.44277846e-04 
 1.20000000e+00  8.08412330e-04 
 1.30000000e+00  8.71854077e-04 
 1.40000000e+00  9.34573026e-04 
 1.50000000e+00  9.96536938e-04 
 1.60000000e+00  1.05771118e-03 
 1.70000000e+00  1.11805845e-03 
 1.80000000e+00  1.17753853e-03 
 1.90000000e+00  1.23610787e-03 
 2.00000000e+00  1.29371931e-03 
 2.10000000e+00  1.35032154e-03 
 2.20000000e+00  1.40585864e-03 
 2.30000000e+00  1.46026946e-03 
 2.40000000e+00  1.51348693e-03 
 2.50000000e+00  1.56543723e-03 
 2.60000000e+00  1.61603880e-03 
 2.70000000e+00  1.66520122e-03 
 2.80000000e+00  1.71282378e-03 
 2.90000000e+00  1.75879391e-03 
 3.00000000e+00  1.80298516e-03 
 3.10000000e+00  1.84525501e-03 
 3.20000000e+00  1.88544220e-03 
 3.30000000e+00  1.92336419e-03 
 3.40000000e+00  1.95881515e-03 
 3.50000000e+00  1.99156715e-03 
 3.60000000e+00  2.02138066e-03 
 3.70000000e+00  2.04803954e-03 
 3.80000000e+00  2.07143100e-03 
 3.90000000e+00  2.09165243e-03 
 4.00000000e+00  2.10903497e-03 
 4.10000000e+00  2.12402669e-03 
 4.20000000e+00  2.13706145e-03 
 4.30000000e+00  2.14850459e-03 
 4.40000000e+00  2.15864931e-03 
 4.50000000e+00  2.16772812e-03 
 4.60000000e+00  2.17592537e-03 
 4.70000000e+00  2.18338796e-03 
 4.80000000e+00  2.19023361e-03 
 4.90000000e+00  2.19655742e-03 
 5.00000000e+00  2.20243688e-03 
 5.10000000e+00  2.20793611e-03 
 5.20000000e+00  2.21310981e-03 
 5.30000000e+00  2.21800772e-03 
 5.40000000e+00  2.22268008e-03 
 5.50000000e+00  2.22718450e-03 
 5.60000000e+00  2.23159413e-03 
 5.70000000e+00  2.23600666e-03 
 5.80000000e+00  2.24055300e-03 
 5.90000000e+00  2.24540427e-03 
 6.00000000e+00  2.25077536e-03 
 6.10000000e+00  2.25692352e-03 
 6.20000000e+00  2.26414095e-03 
 6.30000000e+00  2.27274147e-03 
 6.40000000e+00  2.28304269e-03 
 6.50000000e+00  2.29534624e-03 
 6.60000000e+00  2.30991935e-03 
 6.70000000e+00  2.32698043e-03 
 6.80000000e+00  2.34669061e-03 
 6.90000000e+00  2.36915151e-03 
 7.00000000e+00  2.39440835e-03 
 7.10000000e+00  2.42245682e-03 
 7.20000000e+00  2.45325202e-03 
 7.30000000e+00  2.48671782e-03 
 7.40000000e+00  2.52275576e-03 
 7.50000000e+00  2.56125276e-03 
 7.60000000e+00  2.60208736e-03 
 7.70000000e+00  2.64513470e-03 
 7.80000000e+00  2.69027009e-03 
 7.90000000e+00  2.73737165e-03 
 8.00000000e+00  2.78632201e-03 
 8.10000000e+00  2.83700939e-03 
 8.20000000e+00  2.88932827e-03 
 8.30000000e+00  2.94317957e-03 
 8.40000000e+00  2.99847072e-03 
 8.50000000e+00  3.05511550e-03 
 8.60000000e+00  3.11303375e-03 
 8.70000000e+00  3.17215110e-03 
 8.80000000e+00  3.23239857e-03 
 8.90000000e+00  3.29371222e-03 
 9.00000000e+00  3.35603282e-03 
2.5Volts