 0.00000000e+00  1.26223923e-12 
 1.00000000e-02  1.26296781e-12 
 2.00000000e-02  1.26429249e-12 
 3.00000000e-02  1.26594308e-12 
 4.00000000e-02  1.26822858e-12 
 5.00000000e-02  1.27139271e-12 
 6.00000000e-02  1.27577354e-12 
 7.00000000e-02  1.28183878e-12 
 8.00000000e-02  1.29023701e-12 
 9.00000000e-02  1.30186356e-12 
 1.00000000e-01  1.31796050e-12 
 1.10000000e-01  1.34024584e-12 
 1.20000000e-01  1.37109985e-12 
 1.30000000e-01  1.41381459e-12 
 1.40000000e-01  1.47294958e-12 
 1.50000000e-01  1.55481509e-12 
 1.60000000e-01  1.66814544e-12 
 1.70000000e-01  1.82503058e-12 
 1.80000000e-01  2.04220083e-12 
 1.90000000e-01  2.34281041e-12 
 2.00000000e-01  2.75889901e-12 
 2.10000000e-01  3.33479707e-12 
 2.20000000e-01  4.13183333e-12 
 2.30000000e-01  5.23483991e-12 
 2.40000000e-01  6.76114286e-12 
 2.50000000e-01  8.87297093e-12 
 2.60000000e-01  1.17945968e-11 
 2.70000000e-01  1.58359732e-11 
 2.80000000e-01  2.14253348e-11 
 2.90000000e-01  2.91541125e-11 
 3.00000000e-01  3.98387705e-11 
 3.10000000e-01  5.46058515e-11 
 3.20000000e-01  7.50088071e-11 
 3.30000000e-01  1.03188281e-10 
 3.40000000e-01  1.42091655e-10 
 3.50000000e-01  1.95773224e-10 
 3.60000000e-01  2.69803746e-10 
 3.70000000e-01  3.71827843e-10 
 3.80000000e-01  5.12320484e-10 
 3.90000000e-01  7.05610343e-10 
 4.00000000e-01  9.71259006e-10 
 4.10000000e-01  1.33591197e-09 
 4.20000000e-01  1.83577106e-09 
 4.30000000e-01  2.51987929e-09 
 4.40000000e-01  3.45446006e-09 
 4.50000000e-01  4.72861277e-09 
 4.60000000e-01  6.46173929e-09 
 4.70000000e-01  8.81316148e-09 
 4.80000000e-01  1.19944922e-08 
 4.90000000e-01  1.62854483e-08 
 5.00000000e-01  2.20539517e-08 
 5.10000000e-01  2.97815687e-08 
 5.20000000e-01  4.00955944e-08 
 5.30000000e-01  5.38093989e-08 
 5.40000000e-01  7.19729595e-08 
 5.50000000e-01  9.59356849e-08 
 5.60000000e-01  1.27423420e-07 
 5.70000000e-01  1.68630493e-07 
 5.80000000e-01  2.22325291e-07 
 5.90000000e-01  2.91963720e-07 
 6.00000000e-01  3.81798967e-07 
 6.10000000e-01  4.96969186e-07 
 6.20000000e-01  6.43538918e-07 
 6.30000000e-01  8.28468203e-07 
 6.40000000e-01  1.05948789e-06 
 6.50000000e-01  1.34487202e-06 
 6.60000000e-01  1.69311637e-06 
 6.70000000e-01  2.11255215e-06 
 6.80000000e-01  2.61093953e-06 
 6.90000000e-01  3.19509178e-06 
 7.00000000e-01  3.87057632e-06 
 7.10000000e-01  4.64152430e-06 
 7.20000000e-01  5.51056132e-06 
 7.30000000e-01  6.47885253e-06 
 7.40000000e-01  7.54624091e-06 
 7.50000000e-01  8.71144929e-06 
 7.60000000e-01  9.97231555e-06 
 7.70000000e-01  1.13260334e-05 
 7.80000000e-01  1.27693778e-05 
 7.90000000e-01  1.42989021e-05 
 8.00000000e-01  1.59110988e-05 
 8.10000000e-01  1.76025234e-05 
 8.20000000e-01  1.93698829e-05 
 8.30000000e-01  2.12100943e-05 
 8.40000000e-01  2.31203171e-05 
 8.50000000e-01  2.50979665e-05 
 8.60000000e-01  2.71407121e-05 
 8.70000000e-01  2.92464667e-05 
 8.80000000e-01  3.14133682e-05 
 8.90000000e-01  3.36397579e-05 
 9.00000000e-01  3.59241581e-05 
 9.10000000e-01  3.82652480e-05 
 9.20000000e-01  4.06618425e-05 
 9.30000000e-01  4.31128709e-05 
 9.40000000e-01  4.56173591e-05 
 9.50000000e-01  4.81744121e-05 
 9.60000000e-01  5.07832007e-05 
 9.70000000e-01  5.34429480e-05 
 9.80000000e-01  5.61529199e-05 
 9.90000000e-01  5.89124154e-05 
 1.00000000e+00  6.17207600e-05 
 1.01000000e+00  6.45772989e-05 
 1.02000000e+00  6.74813929e-05 
 1.03000000e+00  7.04324139e-05 
 1.04000000e+00  7.34297421e-05 
 1.05000000e+00  7.64727633e-05 
 1.06000000e+00  7.95608673e-05 
 1.07000000e+00  8.26934464e-05 
 1.08000000e+00  8.58698943e-05 
 1.09000000e+00  8.90896055e-05 
 1.10000000e+00  9.23519747e-05 
 1.11000000e+00  9.56563966e-05 
 1.12000000e+00  9.90022656e-05 
 1.13000000e+00  1.02388976e-04 
 1.14000000e+00  1.05815921e-04 
 1.15000000e+00  1.09282495e-04 
 1.16000000e+00  1.12788092e-04 
 1.17000000e+00  1.16332104e-04 
 1.18000000e+00  1.19913925e-04 
 1.19000000e+00  1.23532949e-04 
 1.20000000e+00  1.27188571e-04 
 1.21000000e+00  1.30880183e-04 
 1.22000000e+00  1.34607183e-04 
 1.23000000e+00  1.38368963e-04 
 1.24000000e+00  1.42164922e-04 
 1.25000000e+00  1.45994453e-04 
 1.26000000e+00  1.49856955e-04 
 1.27000000e+00  1.53751824e-04 
 1.28000000e+00  1.57678457e-04 
 1.29000000e+00  1.61636251e-04 
 1.30000000e+00  1.65624603e-04 
 1.31000000e+00  1.69642910e-04 
 1.32000000e+00  1.73690567e-04 
 1.33000000e+00  1.77766970e-04 
 1.34000000e+00  1.81871513e-04 
 1.35000000e+00  1.86003587e-04 
 1.36000000e+00  1.90162584e-04 
 1.37000000e+00  1.94347891e-04 
 1.38000000e+00  1.98558894e-04 
 1.39000000e+00  2.02794975e-04 
 1.40000000e+00  2.07055511e-04 
 1.41000000e+00  2.11339876e-04 
 1.42000000e+00  2.15647439e-04 
 1.43000000e+00  2.19977561e-04 
 1.44000000e+00  2.24329598e-04 
 1.45000000e+00  2.28702896e-04 
 1.46000000e+00  2.33096795e-04 
 1.47000000e+00  2.37510622e-04 
 1.48000000e+00  2.41943694e-04 
 1.49000000e+00  2.46395316e-04 
 1.50000000e+00  2.50864775e-04 
 1.51000000e+00  2.55351344e-04 
 1.52000000e+00  2.59854276e-04 
 1.53000000e+00  2.64372803e-04 
 1.54000000e+00  2.68906132e-04 
 1.55000000e+00  2.73453443e-04 
 1.56000000e+00  2.78013883e-04 
 1.57000000e+00  2.82586563e-04 
 1.58000000e+00  2.87170554e-04 
 1.59000000e+00  2.91764877e-04 
 1.60000000e+00  2.96368503e-04 
 1.61000000e+00  3.00980336e-04 
 1.62000000e+00  3.05599212e-04 
 1.63000000e+00  3.10223884e-04 
 1.64000000e+00  3.14853014e-04 
 1.65000000e+00  3.19485157e-04 
 1.66000000e+00  3.24118748e-04 
 1.67000000e+00  3.28752087e-04 
 1.68000000e+00  3.33383326e-04 
 1.69000000e+00  3.38010451e-04 
 1.70000000e+00  3.42631267e-04 
 1.71000000e+00  3.47243390e-04 
 1.72000000e+00  3.51844239e-04 
 1.73000000e+00  3.56431031e-04 
 1.74000000e+00  3.61000797e-04 
 1.75000000e+00  3.65550392e-04 
 1.76000000e+00  3.70076530e-04 
 1.77000000e+00  3.74575826e-04 
 1.78000000e+00  3.79044847e-04 
 1.79000000e+00  3.83480180e-04 
 1.80000000e+00  3.87878498e-04 
 1.81000000e+00  3.92236628e-04 
 1.82000000e+00  3.96551618e-04 
 1.83000000e+00  4.00820787e-04 
 1.84000000e+00  4.05041768e-04 
 1.85000000e+00  4.09212535e-04 
 1.86000000e+00  4.13331410e-04 
 1.87000000e+00  4.17397063e-04 
 1.88000000e+00  4.21408496e-04 
 1.89000000e+00  4.25365019e-04 
 1.90000000e+00  4.29266221e-04 
 1.91000000e+00  4.33111939e-04 
 1.92000000e+00  4.36902225e-04 
 1.93000000e+00  4.40637317e-04 
 1.94000000e+00  4.44317603e-04 
 1.95000000e+00  4.47943602e-04 
 1.96000000e+00  4.51515933e-04 
 1.97000000e+00  4.55035302e-04 
 1.98000000e+00  4.58502475e-04 
 1.99000000e+00  4.61918270e-04 
 2.00000000e+00  4.65283540e-04 
 2.01000000e+00  4.68599166e-04 
 2.02000000e+00  4.71866042e-04 
 2.03000000e+00  4.75085074e-04 
 2.04000000e+00  4.78257172e-04 
 2.05000000e+00  4.81383242e-04 
 2.06000000e+00  4.84464187e-04 
 2.07000000e+00  4.87500901e-04 
 2.08000000e+00  4.90494265e-04 
 2.09000000e+00  4.93445149e-04 
 2.10000000e+00  4.96354409e-04 
 2.11000000e+00  4.99222884e-04 
 2.12000000e+00  5.02051397e-04 
 2.13000000e+00  5.04840755e-04 
 2.14000000e+00  5.07591746e-04 
 2.15000000e+00  5.10305143e-04 
 2.16000000e+00  5.12981697e-04 
 2.17000000e+00  5.15622147e-04 
 2.18000000e+00  5.18227210e-04 
 2.19000000e+00  5.20797588e-04 
 2.20000000e+00  5.23333964e-04 
 2.21000000e+00  5.25837007e-04 
 2.22000000e+00  5.28307367e-04 
 2.23000000e+00  5.30745679e-04 
 2.24000000e+00  5.33152562e-04 
 2.25000000e+00  5.35528620e-04 
 2.26000000e+00  5.37874440e-04 
 2.27000000e+00  5.40190597e-04 
 2.28000000e+00  5.42477650e-04 
 2.29000000e+00  5.44736145e-04 
 2.30000000e+00  5.46966613e-04 
 2.31000000e+00  5.49169574e-04 
 2.32000000e+00  5.51345534e-04 
 2.33000000e+00  5.53494985e-04 
 2.34000000e+00  5.55618410e-04 
 2.35000000e+00  5.57716279e-04 
 2.36000000e+00  5.59789049e-04 
 2.37000000e+00  5.61837168e-04 
 2.38000000e+00  5.63861072e-04 
 2.39000000e+00  5.65861187e-04 
 2.40000000e+00  5.67837930e-04 
 2.41000000e+00  5.69791705e-04 
 2.42000000e+00  5.71722910e-04 
 2.43000000e+00  5.73631932e-04 
 2.44000000e+00  5.75519149e-04 
 2.45000000e+00  5.77384930e-04 
 2.46000000e+00  5.79229636e-04 
 2.47000000e+00  5.81053620e-04 
 2.48000000e+00  5.82857226e-04 
 2.49000000e+00  5.84640790e-04 
 2.50000000e+00  5.86404643e-04 
 2.51000000e+00  5.88149105e-04 
 2.52000000e+00  5.89874491e-04 
 2.53000000e+00  5.91581109e-04 
 2.54000000e+00  5.93269260e-04 
 2.55000000e+00  5.94939238e-04 
 2.56000000e+00  5.96591331e-04 
 2.57000000e+00  5.98225820e-04 
 2.58000000e+00  5.99842981e-04 
 2.59000000e+00  6.01443083e-04 
 2.60000000e+00  6.03026392e-04 
 2.61000000e+00  6.04593164e-04 
 2.62000000e+00  6.06143653e-04 
 2.63000000e+00  6.07678106e-04 
 2.64000000e+00  6.09196767e-04 
 2.65000000e+00  6.10699872e-04 
 2.66000000e+00  6.12187654e-04 
 2.67000000e+00  6.13660341e-04 
 2.68000000e+00  6.15118156e-04 
 2.69000000e+00  6.16561318e-04 
 2.70000000e+00  6.17990041e-04 
 2.71000000e+00  6.19404535e-04 
 2.72000000e+00  6.20805006e-04 
 2.73000000e+00  6.22191656e-04 
 2.74000000e+00  6.23564682e-04 
 2.75000000e+00  6.24924279e-04 
 2.76000000e+00  6.26270637e-04 
 2.77000000e+00  6.27603942e-04 
 2.78000000e+00  6.28924377e-04 
 2.79000000e+00  6.30232122e-04 
 2.80000000e+00  6.31527353e-04 
 2.81000000e+00  6.32810241e-04 
 2.82000000e+00  6.34080958e-04 
 2.83000000e+00  6.35339668e-04 
 2.84000000e+00  6.36586535e-04 
 2.85000000e+00  6.37821720e-04 
 2.86000000e+00  6.39045379e-04 
 2.87000000e+00  6.40257666e-04 
 2.88000000e+00  6.41458734e-04 
 2.89000000e+00  6.42648731e-04 
 2.90000000e+00  6.43827802e-04 
 2.91000000e+00  6.44996092e-04 
 2.92000000e+00  6.46153741e-04 
 2.93000000e+00  6.47300888e-04 
 2.94000000e+00  6.48437668e-04 
 2.95000000e+00  6.49564214e-04 
 2.96000000e+00  6.50680659e-04 
 2.97000000e+00  6.51787131e-04 
 2.98000000e+00  6.52883756e-04 
 2.99000000e+00  6.53970659e-04 
 3.00000000e+00  6.55047963e-04 
 3.01000000e+00  6.56115787e-04 
 3.02000000e+00  6.57174249e-04 
 3.03000000e+00  6.58223467e-04 
 3.04000000e+00  6.59263553e-04 
 3.05000000e+00  6.60294620e-04 
 3.06000000e+00  6.61316779e-04 
 3.07000000e+00  6.62330139e-04 
 3.08000000e+00  6.63334805e-04 
 3.09000000e+00  6.64330883e-04 
 3.10000000e+00  6.65318476e-04 
 3.11000000e+00  6.66297687e-04 
 3.12000000e+00  6.67268613e-04 
 3.13000000e+00  6.68231355e-04 
 3.14000000e+00  6.69186009e-04 
 3.15000000e+00  6.70132670e-04 
 3.16000000e+00  6.71071431e-04 
 3.17000000e+00  6.72002385e-04 
 3.18000000e+00  6.72925623e-04 
 3.19000000e+00  6.73841233e-04 
 3.20000000e+00  6.74749304e-04 
 3.21000000e+00  6.75649922e-04 
 3.22000000e+00  6.76543173e-04 
 3.23000000e+00  6.77429139e-04 
 3.24000000e+00  6.78307905e-04 
 3.25000000e+00  6.79179550e-04 
 3.26000000e+00  6.80044155e-04 
 3.27000000e+00  6.80901799e-04 
 3.28000000e+00  6.81752560e-04 
 3.29000000e+00  6.82596513e-04 
 3.30000000e+00  6.83433735e-04 
 3.31000000e+00  6.84264299e-04 
 3.32000000e+00  6.85088278e-04 
 3.33000000e+00  6.85905744e-04 
 3.34000000e+00  6.86716769e-04 
 3.35000000e+00  6.87521422e-04 
 3.36000000e+00  6.88319772e-04 
 3.37000000e+00  6.89111887e-04 
 3.38000000e+00  6.89897833e-04 
 3.39000000e+00  6.90677677e-04 
 3.40000000e+00  6.91451483e-04 
 3.41000000e+00  6.92219316e-04 
 3.42000000e+00  6.92981238e-04 
 3.43000000e+00  6.93737311e-04 
 3.44000000e+00  6.94487598e-04 
 3.45000000e+00  6.95232157e-04 
 3.46000000e+00  6.95971050e-04 
 3.47000000e+00  6.96704334e-04 
 3.48000000e+00  6.97432068e-04 
 3.49000000e+00  6.98154309e-04 
 3.50000000e+00  6.98871112e-04 
 3.51000000e+00  6.99582534e-04 
 3.52000000e+00  7.00288628e-04 
 3.53000000e+00  7.00989450e-04 
 3.54000000e+00  7.01685053e-04 
 3.55000000e+00  7.02375488e-04 
 3.56000000e+00  7.03060808e-04 
 3.57000000e+00  7.03741064e-04 
 3.58000000e+00  7.04416307e-04 
 3.59000000e+00  7.05086585e-04 
 3.60000000e+00  7.05751949e-04 
 3.61000000e+00  7.06412446e-04 
 3.62000000e+00  7.07068125e-04 
 3.63000000e+00  7.07719032e-04 
 3.64000000e+00  7.08365214e-04 
 3.65000000e+00  7.09006717e-04 
 3.66000000e+00  7.09643586e-04 
 3.67000000e+00  7.10275867e-04 
 3.68000000e+00  7.10903603e-04 
 3.69000000e+00  7.11526837e-04 
 3.70000000e+00  7.12145613e-04 
 3.71000000e+00  7.12759973e-04 
 3.72000000e+00  7.13369960e-04 
 3.73000000e+00  7.13975614e-04 
 3.74000000e+00  7.14576976e-04 
 3.75000000e+00  7.15174087e-04 
 3.76000000e+00  7.15766986e-04 
 3.77000000e+00  7.16355713e-04 
 3.78000000e+00  7.16940307e-04 
 3.79000000e+00  7.17520805e-04 
 3.80000000e+00  7.18097247e-04 
 3.81000000e+00  7.18669668e-04 
 3.82000000e+00  7.19238107e-04 
 3.83000000e+00  7.19802599e-04 
 3.84000000e+00  7.20363181e-04 
 3.85000000e+00  7.20919888e-04 
 3.86000000e+00  7.21472755e-04 
 3.87000000e+00  7.22021817e-04 
 3.88000000e+00  7.22567108e-04 
 3.89000000e+00  7.23108663e-04 
 3.90000000e+00  7.23646514e-04 
 3.91000000e+00  7.24180695e-04 
 3.92000000e+00  7.24711238e-04 
 3.93000000e+00  7.25238176e-04 
 3.94000000e+00  7.25761540e-04 
 3.95000000e+00  7.26281362e-04 
 3.96000000e+00  7.26797673e-04 
 3.97000000e+00  7.27310505e-04 
 3.98000000e+00  7.27819886e-04 
 3.99000000e+00  7.28325848e-04 
 4.00000000e+00  7.28828420e-04 
 4.01000000e+00  7.29327631e-04 
 4.02000000e+00  7.29823510e-04 
 4.03000000e+00  7.30316087e-04 
 4.04000000e+00  7.30805389e-04 
 4.05000000e+00  7.31291445e-04 
 4.06000000e+00  7.31774281e-04 
 4.07000000e+00  7.32253926e-04 
 4.08000000e+00  7.32730407e-04 
 4.09000000e+00  7.33203750e-04 
 4.10000000e+00  7.33673981e-04 
 4.11000000e+00  7.34141128e-04 
 4.12000000e+00  7.34605215e-04 
 4.13000000e+00  7.35066268e-04 
 4.14000000e+00  7.35524314e-04 
 4.15000000e+00  7.35979375e-04 
 4.16000000e+00  7.36431478e-04 
 4.17000000e+00  7.36880647e-04 
 4.18000000e+00  7.37326906e-04 
 4.19000000e+00  7.37770279e-04 
 4.20000000e+00  7.38210789e-04 
 4.21000000e+00  7.38648460e-04 
 4.22000000e+00  7.39083314e-04 
 4.23000000e+00  7.39515376e-04 
 4.24000000e+00  7.39944668e-04 
 4.25000000e+00  7.40371211e-04 
 4.26000000e+00  7.40795028e-04 
 4.27000000e+00  7.41216141e-04 
 4.28000000e+00  7.41634572e-04 
 4.29000000e+00  7.42050341e-04 
 4.30000000e+00  7.42463471e-04 
 4.31000000e+00  7.42873982e-04 
 4.32000000e+00  7.43281895e-04 
 4.33000000e+00  7.43687230e-04 
 4.34000000e+00  7.44090009e-04 
 4.35000000e+00  7.44490250e-04 
 4.36000000e+00  7.44887974e-04 
 4.37000000e+00  7.45283200e-04 
 4.38000000e+00  7.45675948e-04 
 4.39000000e+00  7.46066238e-04 
 4.40000000e+00  7.46454087e-04 
 4.41000000e+00  7.46839516e-04 
 4.42000000e+00  7.47222543e-04 
 4.43000000e+00  7.47603186e-04 
 4.44000000e+00  7.47981463e-04 
 4.45000000e+00  7.48357394e-04 
 4.46000000e+00  7.48730995e-04 
 4.47000000e+00  7.49102284e-04 
 4.48000000e+00  7.49471279e-04 
 4.49000000e+00  7.49837998e-04 
 4.50000000e+00  7.50202457e-04 
 4.51000000e+00  7.50564674e-04 
 4.52000000e+00  7.50924665e-04 
 4.53000000e+00  7.51282447e-04 
 4.54000000e+00  7.51638037e-04 
 4.55000000e+00  7.51991450e-04 
 4.56000000e+00  7.52342704e-04 
 4.57000000e+00  7.52691815e-04 
 4.58000000e+00  7.53038797e-04 
 4.59000000e+00  7.53383667e-04 
 4.60000000e+00  7.53726440e-04 
 4.61000000e+00  7.54067132e-04 
 4.62000000e+00  7.54405759e-04 
 4.63000000e+00  7.54742334e-04 
 4.64000000e+00  7.55076873e-04 
 4.65000000e+00  7.55409392e-04 
 4.66000000e+00  7.55739904e-04 
 4.67000000e+00  7.56068424e-04 
 4.68000000e+00  7.56394967e-04 
 4.69000000e+00  7.56719546e-04 
 4.70000000e+00  7.57042176e-04 
 4.71000000e+00  7.57362872e-04 
 4.72000000e+00  7.57681646e-04 
 4.73000000e+00  7.57998512e-04 
 4.74000000e+00  7.58313484e-04 
 4.75000000e+00  7.58626576e-04 
 4.76000000e+00  7.58937801e-04 
 4.77000000e+00  7.59247171e-04 
 4.78000000e+00  7.59554701e-04 
 4.79000000e+00  7.59860402e-04 
 4.80000000e+00  7.60164289e-04 
 4.81000000e+00  7.60466373e-04 
 4.82000000e+00  7.60766667e-04 
 4.83000000e+00  7.61065184e-04 
 4.84000000e+00  7.61361936e-04 
 4.85000000e+00  7.61656935e-04 
 4.86000000e+00  7.61950194e-04 
 4.87000000e+00  7.62241723e-04 
 4.88000000e+00  7.62531537e-04 
 4.89000000e+00  7.62819645e-04 
 4.90000000e+00  7.63106060e-04 
 4.91000000e+00  7.63390794e-04 
 4.92000000e+00  7.63673857e-04 
 4.93000000e+00  7.63955262e-04 
 4.94000000e+00  7.64235019e-04 
 4.95000000e+00  7.64513140e-04 
 4.96000000e+00  7.64789635e-04 
 4.97000000e+00  7.65064516e-04 
 4.98000000e+00  7.65337794e-04 
 4.99000000e+00  7.65609480e-04 
 5.00000000e+00  7.65879583e-04 
1.25Volts
 0.00000000e+00  2.51278599e-12 
 1.00000000e-02  2.51369238e-12 
 2.00000000e-02  2.51534080e-12 
 3.00000000e-02  2.51739471e-12 
 4.00000000e-02  2.52023836e-12 
 5.00000000e-02  2.52417488e-12 
 6.00000000e-02  2.52962581e-12 
 7.00000000e-02  2.53717316e-12 
 8.00000000e-02  2.54762227e-12 
 9.00000000e-02  2.56208813e-12 
 1.00000000e-01  2.58211681e-12 
 1.10000000e-01  2.60984507e-12 
 1.20000000e-01  2.64823406e-12 
 1.30000000e-01  2.70138122e-12 
 1.40000000e-01  2.77495821e-12 
 1.50000000e-01  2.87681641e-12 
 1.60000000e-01  3.01782384e-12 
 1.70000000e-01  3.21301969e-12 
 1.80000000e-01  3.48322196e-12 
 1.90000000e-01  3.85723615e-12 
 2.00000000e-01  4.37492317e-12 
 2.10000000e-01  5.09143292e-12 
 2.20000000e-01  6.08306157e-12 
 2.30000000e-01  7.45534103e-12 
 2.40000000e-01  9.35422139e-12 
 2.50000000e-01  1.19815035e-11 
 2.60000000e-01  1.56161499e-11 
 2.70000000e-01  2.06436777e-11 
 2.80000000e-01  2.75966897e-11 
 2.90000000e-01  3.72107011e-11 
 3.00000000e-01  5.05009927e-11 
 3.10000000e-01  6.88682839e-11 
 3.20000000e-01  9.42438723e-11 
 3.30000000e-01  1.29288686e-10 
 3.40000000e-01  1.77665856e-10 
 3.50000000e-01  2.44413247e-10 
 3.60000000e-01  3.36451490e-10 
 3.70000000e-01  4.63275068e-10 
 3.80000000e-01  6.37889648e-10 
 3.90000000e-01  8.78079166e-10 
 4.00000000e-01  1.20811210e-09 
 4.10000000e-01  1.66102918e-09 
 4.20000000e-01  2.28169560e-09 
 4.30000000e-01  3.13085104e-09 
 4.40000000e-01  4.29045119e-09 
 4.50000000e-01  5.87066701e-09 
 4.60000000e-01  8.01899249e-09 
 4.70000000e-01  1.09320122e-08 
 4.80000000e-01  1.48704978e-08 
 4.90000000e-01  2.01786464e-08 
 5.00000000e-01  2.73084500e-08 
 5.10000000e-01  3.68504100e-08 
 5.20000000e-01  4.95720868e-08 
 5.30000000e-01  6.64662840e-08 
 5.40000000e-01  8.88109414e-08 
 5.50000000e-01  1.18242865e-07 
 5.60000000e-01  1.56846915e-07 
 5.70000000e-01  2.07260717e-07 
 5.80000000e-01  2.72791749e-07 
 5.90000000e-01  3.57538452e-07 
 6.00000000e-01  4.66500039e-07 
 6.10000000e-01  6.05652291e-07 
 6.20000000e-01  7.81961435e-07 
 6.30000000e-01  1.00330845e-06 
 6.40000000e-01  1.27830447e-06 
 6.50000000e-01  1.61599456e-06 
 6.60000000e-01  2.02546908e-06 
 6.70000000e-01  2.51542290e-06 
 6.80000000e-01  3.09371659e-06 
 6.90000000e-01  3.76699575e-06 
 7.00000000e-01  4.54041395e-06 
 7.10000000e-01  5.41748585e-06 
 7.20000000e-01  6.40007434e-06 
 7.30000000e-01  7.48849603e-06 
 7.40000000e-01  8.68171600e-06 
 7.50000000e-01  9.97759720e-06 
 7.60000000e-01  1.13731711e-05 
 7.70000000e-01  1.28649018e-05 
 7.80000000e-01  1.44489247e-05 
 7.90000000e-01  1.61212466e-05 
 8.00000000e-01  1.78779048e-05 
 8.10000000e-01  1.97150843e-05 
 8.20000000e-01  2.16291974e-05 
 8.30000000e-01  2.36169323e-05 
 8.40000000e-01  2.56752758e-05 
 8.50000000e-01  2.78015174e-05 
 8.60000000e-01  2.99932398e-05 
 8.70000000e-01  3.22483003e-05 
 8.80000000e-01  3.45648066e-05 
 8.90000000e-01  3.69410906e-05 
 9.00000000e-01  3.93756810e-05 
 9.10000000e-01  4.18672766e-05 
 9.20000000e-01  4.44147222e-05 
 9.30000000e-01  4.70169855e-05 
 9.40000000e-01  4.96731368e-05 
 9.50000000e-01  5.23823317e-05 
 9.60000000e-01  5.51437952e-05 
 9.70000000e-01  5.79568092e-05 
 9.80000000e-01  6.08207009e-05 
 9.90000000e-01  6.37348338e-05 
 1.00000000e+00  6.66986002e-05 
 1.01000000e+00  6.97114147e-05 
 1.02000000e+00  7.27727092e-05 
 1.03000000e+00  7.58819291e-05 
 1.04000000e+00  7.90385297e-05 
 1.05000000e+00  8.22419742e-05 
 1.06000000e+00  8.54917316e-05 
 1.07000000e+00  8.87872751e-05 
 1.08000000e+00  9.21280814e-05 
 1.09000000e+00  9.55136299e-05 
 1.10000000e+00  9.89434018e-05 
 1.11000000e+00  1.02416881e-04 
 1.12000000e+00  1.05933552e-04 
 1.13000000e+00  1.09492901e-04 
 1.14000000e+00  1.13094418e-04 
 1.15000000e+00  1.16737593e-04 
 1.16000000e+00  1.20421918e-04 
 1.17000000e+00  1.24146888e-04 
 1.18000000e+00  1.27912001e-04 
 1.19000000e+00  1.31716755e-04 
 1.20000000e+00  1.35560654e-04 
 1.21000000e+00  1.39443203e-04 
 1.22000000e+00  1.43363910e-04 
 1.23000000e+00  1.47322288e-04 
 1.24000000e+00  1.51317852e-04 
 1.25000000e+00  1.55350121e-04 
 1.26000000e+00  1.59418618e-04 
 1.27000000e+00  1.63522869e-04 
 1.28000000e+00  1.67662405e-04 
 1.29000000e+00  1.71836760e-04 
 1.30000000e+00  1.76045472e-04 
 1.31000000e+00  1.80288083e-04 
 1.32000000e+00  1.84564141e-04 
 1.33000000e+00  1.88873195e-04 
 1.34000000e+00  1.93214801e-04 
 1.35000000e+00  1.97588517e-04 
 1.36000000e+00  2.01993906e-04 
 1.37000000e+00  2.06430535e-04 
 1.38000000e+00  2.10897976e-04 
 1.39000000e+00  2.15395804e-04 
 1.40000000e+00  2.19923598e-04 
 1.41000000e+00  2.24480941e-04 
 1.42000000e+00  2.29067422e-04 
 1.43000000e+00  2.33682632e-04 
 1.44000000e+00  2.38326165e-04 
 1.45000000e+00  2.42997622e-04 
 1.46000000e+00  2.47696605e-04 
 1.47000000e+00  2.52422721e-04 
 1.48000000e+00  2.57175582e-04 
 1.49000000e+00  2.61954802e-04 
 1.50000000e+00  2.66759999e-04 
 1.51000000e+00  2.71590794e-04 
 1.52000000e+00  2.76446814e-04 
 1.53000000e+00  2.81327687e-04 
 1.54000000e+00  2.86233046e-04 
 1.55000000e+00  2.91162527e-04 
 1.56000000e+00  2.96115769e-04 
 1.57000000e+00  3.01092415e-04 
 1.58000000e+00  3.06092110e-04 
 1.59000000e+00  3.11114504e-04 
 1.60000000e+00  3.16159248e-04 
 1.61000000e+00  3.21225999e-04 
 1.62000000e+00  3.26314415e-04 
 1.63000000e+00  3.31424157e-04 
 1.64000000e+00  3.36554889e-04 
 1.65000000e+00  3.41706278e-04 
 1.66000000e+00  3.46877994e-04 
 1.67000000e+00  3.52069711e-04 
 1.68000000e+00  3.57281102e-04 
 1.69000000e+00  3.62511845e-04 
 1.70000000e+00  3.67761622e-04 
 1.71000000e+00  3.73030114e-04 
 1.72000000e+00  3.78317007e-04 
 1.73000000e+00  3.83621988e-04 
 1.74000000e+00  3.88944746e-04 
 1.75000000e+00  3.94284973e-04 
 1.76000000e+00  3.99642363e-04 
 1.77000000e+00  4.05016612e-04 
 1.78000000e+00  4.10407417e-04 
 1.79000000e+00  4.15814477e-04 
 1.80000000e+00  4.21237493e-04 
 1.81000000e+00  4.26676169e-04 
 1.82000000e+00  4.32130209e-04 
 1.83000000e+00  4.37599318e-04 
 1.84000000e+00  4.43083204e-04 
 1.85000000e+00  4.48581575e-04 
 1.86000000e+00  4.54094142e-04 
 1.87000000e+00  4.59620615e-04 
 1.88000000e+00  4.65160707e-04 
 1.89000000e+00  4.70714130e-04 
 1.90000000e+00  4.76280599e-04 
 1.91000000e+00  4.81859829e-04 
 1.92000000e+00  4.87451534e-04 
 1.93000000e+00  4.93055432e-04 
 1.94000000e+00  4.98671239e-04 
 1.95000000e+00  5.04298672e-04 
 1.96000000e+00  5.09937450e-04 
 1.97000000e+00  5.15587289e-04 
 1.98000000e+00  5.21247908e-04 
 1.99000000e+00  5.26919026e-04 
 2.00000000e+00  5.32600361e-04 
 2.01000000e+00  5.38291630e-04 
 2.02000000e+00  5.43992552e-04 
 2.03000000e+00  5.49702844e-04 
 2.04000000e+00  5.55422225e-04 
 2.05000000e+00  5.61150411e-04 
 2.06000000e+00  5.66887117e-04 
 2.07000000e+00  5.72632061e-04 
 2.08000000e+00  5.78384956e-04 
 2.09000000e+00  5.84145516e-04 
 2.10000000e+00  5.89913456e-04 
 2.11000000e+00  5.95688486e-04 
 2.12000000e+00  6.01470317e-04 
 2.13000000e+00  6.07258658e-04 
 2.14000000e+00  6.13053217e-04 
 2.15000000e+00  6.18853701e-04 
 2.16000000e+00  6.24659813e-04 
 2.17000000e+00  6.30471257e-04 
 2.18000000e+00  6.36287732e-04 
 2.19000000e+00  6.42108938e-04 
 2.20000000e+00  6.47934570e-04 
 2.21000000e+00  6.53764322e-04 
 2.22000000e+00  6.59597886e-04 
 2.23000000e+00  6.65434948e-04 
 2.24000000e+00  6.71275196e-04 
 2.25000000e+00  6.77118310e-04 
 2.26000000e+00  6.82963970e-04 
 2.27000000e+00  6.88811851e-04 
 2.28000000e+00  6.94661624e-04 
 2.29000000e+00  7.00512958e-04 
 2.30000000e+00  7.06365515e-04 
 2.31000000e+00  7.12218954e-04 
 2.32000000e+00  7.18072930e-04 
 2.33000000e+00  7.23927091e-04 
 2.34000000e+00  7.29781082e-04 
 2.35000000e+00  7.35634541e-04 
 2.36000000e+00  7.41487100e-04 
 2.37000000e+00  7.47338384e-04 
 2.38000000e+00  7.53188014e-04 
 2.39000000e+00  7.59035602e-04 
 2.40000000e+00  7.64880750e-04 
 2.41000000e+00  7.70723056e-04 
 2.42000000e+00  7.76562108e-04 
 2.43000000e+00  7.82397483e-04 
 2.44000000e+00  7.88228749e-04 
 2.45000000e+00  7.94055465e-04 
 2.46000000e+00  7.99877176e-04 
 2.47000000e+00  8.05693416e-04 
 2.48000000e+00  8.11503705e-04 
 2.49000000e+00  8.17307549e-04 
 2.50000000e+00  8.23104439e-04 
 2.51000000e+00  8.28893847e-04 
 2.52000000e+00  8.34675229e-04 
 2.53000000e+00  8.40448020e-04 
 2.54000000e+00  8.46211632e-04 
 2.55000000e+00  8.51965455e-04 
 2.56000000e+00  8.57708853e-04 
 2.57000000e+00  8.63441159e-04 
 2.58000000e+00  8.69161677e-04 
 2.59000000e+00  8.74869677e-04 
 2.60000000e+00  8.80564390e-04 
 2.61000000e+00  8.86245008e-04 
 2.62000000e+00  8.91910678e-04 
 2.63000000e+00  8.97560497e-04 
 2.64000000e+00  9.03193511e-04 
 2.65000000e+00  9.08808709e-04 
 2.66000000e+00  9.14405019e-04 
 2.67000000e+00  9.19981304e-04 
 2.68000000e+00  9.25536361e-04 
 2.69000000e+00  9.31068913e-04 
 2.70000000e+00  9.36577614e-04 
 2.71000000e+00  9.42061041e-04 
 2.72000000e+00  9.47517703e-04 
 2.73000000e+00  9.52946040e-04 
 2.74000000e+00  9.58344431e-04 
 2.75000000e+00  9.63711200e-04 
 2.76000000e+00  9.69044632e-04 
 2.77000000e+00  9.74342985e-04 
 2.78000000e+00  9.79604510e-04 
 2.79000000e+00  9.84827467e-04 
 2.80000000e+00  9.90010152e-04 
 2.81000000e+00  9.95150915e-04 
 2.82000000e+00  1.00024818e-03 
 2.83000000e+00  1.00530048e-03 
 2.84000000e+00  1.01030645e-03 
 2.85000000e+00  1.01526488e-03 
 2.86000000e+00  1.02017466e-03 
 2.87000000e+00  1.02503489e-03 
 2.88000000e+00  1.02984477e-03 
 2.89000000e+00  1.03460370e-03 
 2.90000000e+00  1.03931120e-03 
 2.91000000e+00  1.04396694e-03 
 2.92000000e+00  1.04857074e-03 
 2.93000000e+00  1.05312254e-03 
 2.94000000e+00  1.05762238e-03 
 2.95000000e+00  1.06207043e-03 
 2.96000000e+00  1.06646694e-03 
 2.97000000e+00  1.07081222e-03 
 2.98000000e+00  1.07510668e-03 
 2.99000000e+00  1.07935078e-03 
 3.00000000e+00  1.08354502e-03 
 3.01000000e+00  1.08768996e-03 
 3.02000000e+00  1.09178618e-03 
 3.03000000e+00  1.09583428e-03 
 3.04000000e+00  1.09983491e-03 
 3.05000000e+00  1.10378872e-03 
 3.06000000e+00  1.10769636e-03 
 3.07000000e+00  1.11155851e-03 
 3.08000000e+00  1.11537585e-03 
 3.09000000e+00  1.11914904e-03 
 3.10000000e+00  1.12287878e-03 
 3.11000000e+00  1.12656574e-03 
 3.12000000e+00  1.13021058e-03 
 3.13000000e+00  1.13381397e-03 
 3.14000000e+00  1.13737658e-03 
 3.15000000e+00  1.14089905e-03 
 3.16000000e+00  1.14438203e-03 
 3.17000000e+00  1.14782615e-03 
 3.18000000e+00  1.15123203e-03 
 3.19000000e+00  1.15460030e-03 
 3.20000000e+00  1.15793156e-03 
 3.21000000e+00  1.16122640e-03 
 3.22000000e+00  1.16448540e-03 
 3.23000000e+00  1.16770914e-03 
 3.24000000e+00  1.17089818e-03 
 3.25000000e+00  1.17405307e-03 
 3.26000000e+00  1.17717436e-03 
 3.27000000e+00  1.18026257e-03 
 3.28000000e+00  1.18331823e-03 
 3.29000000e+00  1.18634184e-03 
 3.30000000e+00  1.18933390e-03 
 3.31000000e+00  1.19229492e-03 
 3.32000000e+00  1.19522535e-03 
 3.33000000e+00  1.19812569e-03 
 3.34000000e+00  1.20099637e-03 
 3.35000000e+00  1.20383787e-03 
 3.36000000e+00  1.20665062e-03 
 3.37000000e+00  1.20943506e-03 
 3.38000000e+00  1.21219160e-03 
 3.39000000e+00  1.21492068e-03 
 3.40000000e+00  1.21762268e-03 
 3.41000000e+00  1.22029802e-03 
 3.42000000e+00  1.22294709e-03 
 3.43000000e+00  1.22557027e-03 
 3.44000000e+00  1.22816793e-03 
 3.45000000e+00  1.23074045e-03 
 3.46000000e+00  1.23328819e-03 
 3.47000000e+00  1.23581150e-03 
 3.48000000e+00  1.23831073e-03 
 3.49000000e+00  1.24078622e-03 
 3.50000000e+00  1.24323831e-03 
 3.51000000e+00  1.24566731e-03 
 3.52000000e+00  1.24807357e-03 
 3.53000000e+00  1.25045738e-03 
 3.54000000e+00  1.25281906e-03 
 3.55000000e+00  1.25515891e-03 
 3.56000000e+00  1.25747723e-03 
 3.57000000e+00  1.25977432e-03 
 3.58000000e+00  1.26205045e-03 
 3.59000000e+00  1.26430591e-03 
 3.60000000e+00  1.26654098e-03 
 3.61000000e+00  1.26875592e-03 
 3.62000000e+00  1.27095101e-03 
 3.63000000e+00  1.27312650e-03 
 3.64000000e+00  1.27528264e-03 
 3.65000000e+00  1.27741970e-03 
 3.66000000e+00  1.27953792e-03 
 3.67000000e+00  1.28163754e-03 
 3.68000000e+00  1.28371880e-03 
 3.69000000e+00  1.28578193e-03 
 3.70000000e+00  1.28782716e-03 
 3.71000000e+00  1.28985472e-03 
 3.72000000e+00  1.29186484e-03 
 3.73000000e+00  1.29385772e-03 
 3.74000000e+00  1.29583358e-03 
 3.75000000e+00  1.29779264e-03 
 3.76000000e+00  1.29973511e-03 
 3.77000000e+00  1.30166117e-03 
 3.78000000e+00  1.30357104e-03 
 3.79000000e+00  1.30546491e-03 
 3.80000000e+00  1.30734298e-03 
 3.81000000e+00  1.30920543e-03 
 3.82000000e+00  1.31105245e-03 
 3.83000000e+00  1.31288422e-03 
 3.84000000e+00  1.31470094e-03 
 3.85000000e+00  1.31650276e-03 
 3.86000000e+00  1.31828987e-03 
 3.87000000e+00  1.32006245e-03 
 3.88000000e+00  1.32182065e-03 
 3.89000000e+00  1.32356465e-03 
 3.90000000e+00  1.32529461e-03 
 3.91000000e+00  1.32701069e-03 
 3.92000000e+00  1.32871305e-03 
 3.93000000e+00  1.33040185e-03 
 3.94000000e+00  1.33207724e-03 
 3.95000000e+00  1.33373937e-03 
 3.96000000e+00  1.33538838e-03 
 3.97000000e+00  1.33702444e-03 
 3.98000000e+00  1.33864767e-03 
 3.99000000e+00  1.34025823e-03 
 4.00000000e+00  1.34185625e-03 
 4.01000000e+00  1.34344188e-03 
 4.02000000e+00  1.34501523e-03 
 4.03000000e+00  1.34657646e-03 
 4.04000000e+00  1.34812569e-03 
 4.05000000e+00  1.34966305e-03 
 4.06000000e+00  1.35118867e-03 
 4.07000000e+00  1.35270268e-03 
 4.08000000e+00  1.35420519e-03 
 4.09000000e+00  1.35569634e-03 
 4.10000000e+00  1.35717624e-03 
 4.11000000e+00  1.35864500e-03 
 4.12000000e+00  1.36010276e-03 
 4.13000000e+00  1.36154961e-03 
 4.14000000e+00  1.36298568e-03 
 4.15000000e+00  1.36441108e-03 
 4.16000000e+00  1.36582592e-03 
 4.17000000e+00  1.36723030e-03 
 4.18000000e+00  1.36862433e-03 
 4.19000000e+00  1.37000813e-03 
 4.20000000e+00  1.37138179e-03 
 4.21000000e+00  1.37274541e-03 
 4.22000000e+00  1.37409910e-03 
 4.23000000e+00  1.37544296e-03 
 4.24000000e+00  1.37677709e-03 
 4.25000000e+00  1.37810158e-03 
 4.26000000e+00  1.37941652e-03 
 4.27000000e+00  1.38072202e-03 
 4.28000000e+00  1.38201817e-03 
 4.29000000e+00  1.38330505e-03 
 4.30000000e+00  1.38458276e-03 
 4.31000000e+00  1.38585139e-03 
 4.32000000e+00  1.38711103e-03 
 4.33000000e+00  1.38836176e-03 
 4.34000000e+00  1.38960368e-03 
 4.35000000e+00  1.39083685e-03 
 4.36000000e+00  1.39206138e-03 
 4.37000000e+00  1.39327733e-03 
 4.38000000e+00  1.39448480e-03 
 4.39000000e+00  1.39568386e-03 
 4.40000000e+00  1.39687459e-03 
 4.41000000e+00  1.39805707e-03 
 4.42000000e+00  1.39923138e-03 
 4.43000000e+00  1.40039760e-03 
 4.44000000e+00  1.40155579e-03 
 4.45000000e+00  1.40270604e-03 
 4.46000000e+00  1.40384842e-03 
 4.47000000e+00  1.40498299e-03 
 4.48000000e+00  1.40610984e-03 
 4.49000000e+00  1.40722903e-03 
 4.50000000e+00  1.40834063e-03 
 4.51000000e+00  1.40944471e-03 
 4.52000000e+00  1.41054134e-03 
 4.53000000e+00  1.41163059e-03 
 4.54000000e+00  1.41271252e-03 
 4.55000000e+00  1.41378720e-03 
 4.56000000e+00  1.41485470e-03 
 4.57000000e+00  1.41591507e-03 
 4.58000000e+00  1.41696838e-03 
 4.59000000e+00  1.41801469e-03 
 4.60000000e+00  1.41905407e-03 
 4.61000000e+00  1.42008657e-03 
 4.62000000e+00  1.42111226e-03 
 4.63000000e+00  1.42213120e-03 
 4.64000000e+00  1.42314344e-03 
 4.65000000e+00  1.42414904e-03 
 4.66000000e+00  1.42514806e-03 
 4.67000000e+00  1.42614056e-03 
 4.68000000e+00  1.42712659e-03 
 4.69000000e+00  1.42810621e-03 
 4.70000000e+00  1.42907948e-03 
 4.71000000e+00  1.43004643e-03 
 4.72000000e+00  1.43100714e-03 
 4.73000000e+00  1.43196166e-03 
 4.74000000e+00  1.43291003e-03 
 4.75000000e+00  1.43385230e-03 
 4.76000000e+00  1.43478854e-03 
 4.77000000e+00  1.43571878e-03 
 4.78000000e+00  1.43664308e-03 
 4.79000000e+00  1.43756149e-03 
 4.80000000e+00  1.43847406e-03 
 4.81000000e+00  1.43938083e-03 
 4.82000000e+00  1.44028185e-03 
 4.83000000e+00  1.44117718e-03 
 4.84000000e+00  1.44206685e-03 
 4.85000000e+00  1.44295091e-03 
 4.86000000e+00  1.44382941e-03 
 4.87000000e+00  1.44470240e-03 
 4.88000000e+00  1.44556991e-03 
 4.89000000e+00  1.44643200e-03 
 4.90000000e+00  1.44728870e-03 
 4.91000000e+00  1.44814006e-03 
 4.92000000e+00  1.44898613e-03 
 4.93000000e+00  1.44982693e-03 
 4.94000000e+00  1.45066253e-03 
 4.95000000e+00  1.45149294e-03 
 4.96000000e+00  1.45231823e-03 
 4.97000000e+00  1.45313843e-03 
 4.98000000e+00  1.45395357e-03 
 4.99000000e+00  1.45476370e-03 
 5.00000000e+00  1.45556886e-03 
2.5Volts