 0.00000000e+00  0.00000000e+00 
 1.00000000e-01  6.57327937e-05 
 2.00000000e-01  1.30514741e-04 
 3.00000000e-01  1.94286125e-04 
 4.00000000e-01  2.56981661e-04 
 5.00000000e-01  3.18528663e-04 
 6.00000000e-01  3.78846134e-04 
 7.00000000e-01  4.37843387e-04 
 8.00000000e-01  4.95418354e-04 
 9.00000000e-01  5.51455502e-04 
 1.00000000e+00  6.05823240e-04 
 1.10000000e+00  6.58370660e-04 
 1.20000000e+00  7.08923400e-04 
 1.30000000e+00  7.57278349e-04 
 1.40000000e+00  8.03196839e-04 
 1.50000000e+00  8.46395910e-04 
 1.60000000e+00  8.86537408e-04 
 1.70000000e+00  9.23215782e-04 
 1.80000000e+00  9.55950170e-04 
 1.90000000e+00  9.84205288e-04 
 2.00000000e+00  1.00752445e-03 
 2.10000000e+00  1.02590463e-03 
 2.20000000e+00  1.04012256e-03 
 2.30000000e+00  1.05131520e-03 
 2.40000000e+00  1.06039896e-03 
 2.50000000e+00  1.06798447e-03 
 2.60000000e+00  1.07447461e-03 
 2.70000000e+00  1.08014301e-03 
 2.80000000e+00  1.08518120e-03 
 2.90000000e+00  1.08972667e-03 
 3.00000000e+00  1.09388043e-03 
 3.10000000e+00  1.09771814e-03 
 3.20000000e+00  1.10129756e-03 
 3.30000000e+00  1.10466371e-03 
 3.40000000e+00  1.10785295e-03 
 3.50000000e+00  1.11089652e-03 
 3.60000000e+00  1.11382437e-03 
 3.70000000e+00  1.11666944e-03 
 3.80000000e+00  1.11947258e-03 
 3.90000000e+00  1.12228779e-03 
 4.00000000e+00  1.12518748e-03 
 4.10000000e+00  1.12826697e-03 
 4.20000000e+00  1.13164776e-03 
 4.30000000e+00  1.13547870e-03 
 4.40000000e+00  1.13993464e-03 
 4.50000000e+00  1.14521232e-03 
 4.60000000e+00  1.15152361e-03 
 4.70000000e+00  1.15908672e-03 
 4.80000000e+00  1.16811628e-03 
 4.90000000e+00  1.17881351e-03 
 5.00000000e+00  1.19135762e-03 
 5.10000000e+00  1.20589918e-03 
 5.20000000e+00  1.22255617e-03 
 5.30000000e+00  1.24141256e-03 
 5.40000000e+00  1.26251916e-03 
 5.50000000e+00  1.28589631e-03 
 5.60000000e+00  1.31153764e-03 
 5.70000000e+00  1.33941443e-03 
 5.80000000e+00  1.36948008e-03 
 5.90000000e+00  1.40167431e-03 
 6.00000000e+00  1.43592695e-03 
 6.10000000e+00  1.47216119e-03 
 6.20000000e+00  1.51029627e-03 
 6.30000000e+00  1.55024958e-03 
 6.40000000e+00  1.59193841e-03 
 6.50000000e+00  1.63528116e-03 
 6.60000000e+00  1.68019824e-03 
 6.70000000e+00  1.72661279e-03 
 6.80000000e+00  1.77445102e-03 
 6.90000000e+00  1.82364251e-03 
 7.00000000e+00  1.87412036e-03 
 7.10000000e+00  1.92582116e-03 
 7.20000000e+00  1.97868500e-03 
 7.30000000e+00  2.03265537e-03 
 7.40000000e+00  2.08767905e-03 
 7.50000000e+00  2.14370594e-03 
 7.60000000e+00  2.20068892e-03 
 7.70000000e+00  2.25858369e-03 
 7.80000000e+00  2.31734861e-03 
 7.90000000e+00  2.37694454e-03 
 8.00000000e+00  2.43733466e-03 
 8.10000000e+00  2.49848434e-03 
 8.20000000e+00  2.56036101e-03 
 8.30000000e+00  2.62293400e-03 
 8.40000000e+00  2.68617441e-03 
 8.50000000e+00  2.75005502e-03 
 8.60000000e+00  2.81455014e-03 
 8.70000000e+00  2.87963554e-03 
 8.80000000e+00  2.94528832e-03 
 8.90000000e+00  3.01148686e-03 
 9.00000000e+00  3.07821071e-03 
500nm
 0.00000000e+00  9.57055130e-21 
 1.00000000e-01  4.97623017e-05 
 2.00000000e-01  9.82357852e-05 
 3.00000000e-01  1.45340024e-04 
 4.00000000e-01  1.90986905e-04 
 5.00000000e-01  2.35078294e-04 
 6.00000000e-01  2.77504753e-04 
 7.00000000e-01  3.18143651e-04 
 8.00000000e-01  3.56856870e-04 
 9.00000000e-01  3.93487992e-04 
 1.00000000e+00  4.27858866e-04 
 1.10000000e+00  4.59765426e-04 
 1.20000000e+00  4.88972783e-04 
 1.30000000e+00  5.15210014e-04 
 1.40000000e+00  5.38166764e-04 
 1.50000000e+00  5.57500104e-04 
 1.60000000e+00  5.72883548e-04 
 1.70000000e+00  5.84195303e-04 
 1.80000000e+00  5.91914556e-04 
 1.90000000e+00  5.97160529e-04 
 2.00000000e+00  6.00964638e-04 
 2.10000000e+00  6.03916088e-04 
 2.20000000e+00  6.06319891e-04 
 2.30000000e+00  6.08346561e-04 
 2.40000000e+00  6.10100453e-04 
 2.50000000e+00  6.11649903e-04 
 2.60000000e+00  6.13041891e-04 
 2.70000000e+00  6.14309916e-04 
 2.80000000e+00  6.15478577e-04 
 2.90000000e+00  6.16566419e-04 
 3.00000000e+00  6.17587871e-04 
 3.10000000e+00  6.18554749e-04 
 3.20000000e+00  6.19477622e-04 
 3.30000000e+00  6.20367256e-04 
 3.40000000e+00  6.21236169e-04 
 3.50000000e+00  6.22100325e-04 
 3.60000000e+00  6.22980847e-04 
 3.70000000e+00  6.23905644e-04 
 3.80000000e+00  6.24910793e-04 
 3.90000000e+00  6.26041563e-04 
 4.00000000e+00  6.27352952e-04 
 4.10000000e+00  6.28909686e-04 
 4.20000000e+00  6.30785641e-04 
 4.30000000e+00  6.33062710e-04 
 4.40000000e+00  6.35829192e-04 
 4.50000000e+00  6.39177785e-04 
 4.60000000e+00  6.43203336e-04 
 4.70000000e+00  6.48000492e-04 
 4.80000000e+00  6.53661386e-04 
 4.90000000e+00  6.60273520e-04 
 5.00000000e+00  6.67917929e-04 
 5.10000000e+00  6.76667711e-04 
 5.20000000e+00  6.86586969e-04 
 5.30000000e+00  6.97730161e-04 
 5.40000000e+00  7.10141829e-04 
 5.50000000e+00  7.23856678e-04 
 5.60000000e+00  7.38899929e-04 
 5.70000000e+00  7.55287889e-04 
 5.80000000e+00  7.73028680e-04 
 5.90000000e+00  7.92123056e-04 
 6.00000000e+00  8.12565270e-04 
 6.10000000e+00  8.34343942e-04 
 6.20000000e+00  8.57442904e-04 
 6.30000000e+00  8.81841998e-04 
 6.40000000e+00  9.07517809e-04 
 6.50000000e+00  9.34444330e-04 
 6.60000000e+00  9.62593551e-04 
 6.70000000e+00  9.91935978e-04 
 6.80000000e+00  1.02244108e-03 
 6.90000000e+00  1.05407768e-03 
 7.00000000e+00  1.08681425e-03 
 7.10000000e+00  1.12061923e-03 
 7.20000000e+00  1.15546120e-03 
 7.30000000e+00  1.19130910e-03 
 7.40000000e+00  1.22813235e-03 
 7.50000000e+00  1.26590096e-03 
 7.60000000e+00  1.30458565e-03 
 7.70000000e+00  1.34415789e-03 
 7.80000000e+00  1.38458996e-03 
 7.90000000e+00  1.42585496e-03 
 8.00000000e+00  1.46792685e-03 
 8.10000000e+00  1.51078048e-03 
 8.20000000e+00  1.55439152e-03 
 8.30000000e+00  1.59873653e-03 
 8.40000000e+00  1.64379291e-03 
 8.50000000e+00  1.68953889e-03 
 8.60000000e+00  1.73595349e-03 
 8.70000000e+00  1.78301656e-03 
 8.80000000e+00  1.83070868e-03 
 8.90000000e+00  1.87901119e-03 
 9.00000000e+00  1.92790613e-03 
1um