 0.00000000e+00  1.11566857e-13 
 1.00000000e-02  1.12144777e-13 
 2.00000000e-02  1.13195599e-13 
 3.00000000e-02  1.14504990e-13 
 4.00000000e-02  1.16317871e-13 
 5.00000000e-02  1.18827880e-13 
 6.00000000e-02  1.22303060e-13 
 7.00000000e-02  1.27114519e-13 
 8.00000000e-02  1.33776047e-13 
 9.00000000e-02  1.42998908e-13 
 1.00000000e-01  1.55767895e-13 
 1.10000000e-01  1.73446245e-13 
 1.20000000e-01  1.97921174e-13 
 1.30000000e-01  2.31805230e-13 
 1.40000000e-01  2.78714836e-13 
 1.50000000e-01  3.43655944e-13 
 1.60000000e-01  4.33557636e-13 
 1.70000000e-01  5.58010167e-13 
 1.80000000e-01  7.30286586e-13 
 1.90000000e-01  9.68755417e-13 
 2.00000000e-01  1.29883458e-12 
 2.10000000e-01  1.75569338e-12 
 2.20000000e-01  2.38798759e-12 
 2.30000000e-01  3.26302207e-12 
 2.40000000e-01  4.47388329e-12 
 2.50000000e-01  6.14929041e-12 
 2.60000000e-01  8.46719537e-12 
 2.70000000e-01  1.16735483e-11 
 2.80000000e-01  1.61081752e-11 
 2.90000000e-01  2.22404390e-11 
 3.00000000e-01  3.07183407e-11 
 3.10000000e-01  4.24360626e-11 
 3.20000000e-01  5.86267755e-11 
 3.30000000e-01  8.09899927e-11 
 3.40000000e-01  1.11866063e-10 
 3.50000000e-01  1.54474826e-10 
 3.60000000e-01  2.13241350e-10 
 3.70000000e-01  2.94239471e-10 
 3.80000000e-01  4.05794052e-10 
 3.90000000e-01  5.59296207e-10 
 4.00000000e-01  7.70302763e-10 
 4.10000000e-01  1.06001300e-09 
 4.20000000e-01  1.45724293e-09 
 4.30000000e-01  2.00105112e-09 
 4.40000000e-01  2.74421115e-09 
 4.50000000e-01  3.75777555e-09 
 4.60000000e-01  5.13703499e-09 
 4.70000000e-01  7.00924718e-09 
 4.80000000e-01  9.54359441e-09 
 4.90000000e-01  1.29639324e-08 
 5.00000000e-01  1.75650229e-08 
 5.10000000e-01  2.37331111e-08 
 5.20000000e-01  3.19719192e-08 
 5.30000000e-01  4.29353869e-08 
 5.40000000e-01  5.74687510e-08 
 5.50000000e-01  7.66597190e-08 
 5.60000000e-01  1.01901339e-07 
 5.70000000e-01  1.34967325e-07 
 5.80000000e-01  1.78098570e-07 
 5.90000000e-01  2.34095914e-07 
 6.00000000e-01  3.06408641e-07 
 6.10000000e-01  3.99201215e-07 
 6.20000000e-01  5.17373721e-07 
 6.30000000e-01  6.66506669e-07 
 6.40000000e-01  8.52700939e-07 
 6.50000000e-01  1.08229060e-06 
 6.60000000e-01  1.36142106e-06 
 6.70000000e-01  1.69550711e-06 
 6.80000000e-01  2.08861541e-06 
 6.90000000e-01  2.54285380e-06 
 7.00000000e-01  3.05789054e-06 
 7.10000000e-01  3.63074837e-06 
 7.20000000e-01  4.25598400e-06 
 7.30000000e-01  4.92625359e-06 
 7.40000000e-01  5.63312360e-06 
 7.50000000e-01  6.36790815e-06 
 7.60000000e-01  7.12234677e-06 
 7.70000000e-01  7.88904012e-06 
 7.80000000e-01  8.66165647e-06 
 7.90000000e-01  9.43496952e-06 
 8.00000000e-01  1.02047929e-05 
 8.10000000e-01  1.09678630e-05 
 8.20000000e-01  1.17217033e-05 
 8.30000000e-01  1.24644905e-05 
 8.40000000e-01  1.31949309e-05 
 8.50000000e-01  1.39121534e-05 
 8.60000000e-01  1.46156183e-05 
 8.70000000e-01  1.53050420e-05 
 8.80000000e-01  1.59803353e-05 
 8.90000000e-01  1.66415547e-05 
 9.00000000e-01  1.72888634e-05 
 9.10000000e-01  1.79225007e-05 
 9.20000000e-01  1.85427584e-05 
 9.30000000e-01  1.91499629e-05 
 9.40000000e-01  1.97444612e-05 
 9.50000000e-01  2.03266113e-05 
 9.60000000e-01  2.08967738e-05 
 9.70000000e-01  2.14553072e-05 
 9.80000000e-01  2.20025637e-05 
 9.90000000e-01  2.25388866e-05 
 1.00000000e+00  2.30646087e-05 
0.1Volts
 0.00000000e+00  2.51278599e-12 
 1.00000000e-02  2.51369238e-12 
 2.00000000e-02  2.51534080e-12 
 3.00000000e-02  2.51739471e-12 
 4.00000000e-02  2.52023836e-12 
 5.00000000e-02  2.52417488e-12 
 6.00000000e-02  2.52962581e-12 
 7.00000000e-02  2.53717316e-12 
 8.00000000e-02  2.54762227e-12 
 9.00000000e-02  2.56208813e-12 
 1.00000000e-01  2.58211681e-12 
 1.10000000e-01  2.60984507e-12 
 1.20000000e-01  2.64823406e-12 
 1.30000000e-01  2.70138122e-12 
 1.40000000e-01  2.77495821e-12 
 1.50000000e-01  2.87681641e-12 
 1.60000000e-01  3.01782384e-12 
 1.70000000e-01  3.21301969e-12 
 1.80000000e-01  3.48322196e-12 
 1.90000000e-01  3.85723615e-12 
 2.00000000e-01  4.37492317e-12 
 2.10000000e-01  5.09143292e-12 
 2.20000000e-01  6.08306157e-12 
 2.30000000e-01  7.45534103e-12 
 2.40000000e-01  9.35422139e-12 
 2.50000000e-01  1.19815035e-11 
 2.60000000e-01  1.56161499e-11 
 2.70000000e-01  2.06436777e-11 
 2.80000000e-01  2.75966897e-11 
 2.90000000e-01  3.72107011e-11 
 3.00000000e-01  5.05009927e-11 
 3.10000000e-01  6.88682839e-11 
 3.20000000e-01  9.42438723e-11 
 3.30000000e-01  1.29288686e-10 
 3.40000000e-01  1.77665856e-10 
 3.50000000e-01  2.44413247e-10 
 3.60000000e-01  3.36451490e-10 
 3.70000000e-01  4.63275068e-10 
 3.80000000e-01  6.37889648e-10 
 3.90000000e-01  8.78079166e-10 
 4.00000000e-01  1.20811210e-09 
 4.10000000e-01  1.66102918e-09 
 4.20000000e-01  2.28169560e-09 
 4.30000000e-01  3.13085104e-09 
 4.40000000e-01  4.29045119e-09 
 4.50000000e-01  5.87066701e-09 
 4.60000000e-01  8.01899249e-09 
 4.70000000e-01  1.09320122e-08 
 4.80000000e-01  1.48704978e-08 
 4.90000000e-01  2.01786464e-08 
 5.00000000e-01  2.73084500e-08 
 5.10000000e-01  3.68504100e-08 
 5.20000000e-01  4.95720868e-08 
 5.30000000e-01  6.64662840e-08 
 5.40000000e-01  8.88109414e-08 
 5.50000000e-01  1.18242865e-07 
 5.60000000e-01  1.56846915e-07 
 5.70000000e-01  2.07260717e-07 
 5.80000000e-01  2.72791749e-07 
 5.90000000e-01  3.57538452e-07 
 6.00000000e-01  4.66500039e-07 
 6.10000000e-01  6.05652291e-07 
 6.20000000e-01  7.81961435e-07 
 6.30000000e-01  1.00330845e-06 
 6.40000000e-01  1.27830447e-06 
 6.50000000e-01  1.61599456e-06 
 6.60000000e-01  2.02546908e-06 
 6.70000000e-01  2.51542290e-06 
 6.80000000e-01  3.09371659e-06 
 6.90000000e-01  3.76699575e-06 
 7.00000000e-01  4.54041395e-06 
 7.10000000e-01  5.41748585e-06 
 7.20000000e-01  6.40007434e-06 
 7.30000000e-01  7.48849603e-06 
 7.40000000e-01  8.68171600e-06 
 7.50000000e-01  9.97759720e-06 
 7.60000000e-01  1.13731711e-05 
 7.70000000e-01  1.28649018e-05 
 7.80000000e-01  1.44489247e-05 
 7.90000000e-01  1.61212466e-05 
 8.00000000e-01  1.78779048e-05 
 8.10000000e-01  1.97150843e-05 
 8.20000000e-01  2.16291974e-05 
 8.30000000e-01  2.36169323e-05 
 8.40000000e-01  2.56752758e-05 
 8.50000000e-01  2.78015174e-05 
 8.60000000e-01  2.99932398e-05 
 8.70000000e-01  3.22483003e-05 
 8.80000000e-01  3.45648066e-05 
 8.90000000e-01  3.69410906e-05 
 9.00000000e-01  3.93756810e-05 
 9.10000000e-01  4.18672766e-05 
 9.20000000e-01  4.44147222e-05 
 9.30000000e-01  4.70169855e-05 
 9.40000000e-01  4.96731368e-05 
 9.50000000e-01  5.23823317e-05 
 9.60000000e-01  5.51437952e-05 
 9.70000000e-01  5.79568092e-05 
 9.80000000e-01  6.08207009e-05 
 9.90000000e-01  6.37348338e-05 
 1.00000000e+00  6.66986002e-05 
2.5Volts