 0.00000000e+00  1.12689168e-13 
 1.00000000e-02  1.13632899e-13 
 2.00000000e-02  1.15349408e-13 
 3.00000000e-02  1.17488552e-13 
 4.00000000e-02  1.20450904e-13 
 5.00000000e-02  1.24553146e-13 
 6.00000000e-02  1.30233891e-13 
 7.00000000e-02  1.38100428e-13 
 8.00000000e-02  1.48993692e-13 
 9.00000000e-02  1.64078047e-13 
 1.00000000e-01  1.84965609e-13 
 1.10000000e-01  2.13888423e-13 
 1.20000000e-01  2.53936737e-13 
 1.30000000e-01  3.09388623e-13 
 1.40000000e-01  3.86166400e-13 
 1.50000000e-01  4.92467774e-13 
 1.60000000e-01  6.39639370e-13 
 1.70000000e-01  8.43384648e-13 
 1.80000000e-01  1.12543448e-12 
 1.90000000e-01  1.51585645e-12 
 2.00000000e-01  2.05624706e-12 
 2.10000000e-01  2.80414121e-12 
 2.20000000e-01  3.83910270e-12 
 2.30000000e-01  5.27113067e-12 
 2.40000000e-01  7.25225727e-12 
 2.50000000e-01  9.99253618e-12 
 2.60000000e-01  1.37820687e-11 
 2.70000000e-01  1.90213176e-11 
 2.80000000e-01  2.62627842e-11 
 2.90000000e-01  3.62682350e-11 
 3.00000000e-01  5.00871665e-11 
 3.10000000e-01  6.91642058e-11 
 3.20000000e-01  9.54858289e-11 
 3.30000000e-01  1.31780333e-10 
 3.40000000e-01  1.81789669e-10 
 3.50000000e-01  2.50637846e-10 
 3.60000000e-01  3.45328464e-10 
 3.70000000e-01  4.75413999e-10 
 3.80000000e-01  6.53892091e-10 
 3.90000000e-01  8.98399844e-10 
 4.00000000e-01  1.23279643e-09 
 4.10000000e-01  1.68924770e-09 
 4.20000000e-01  2.31095435e-09 
 4.30000000e-01  3.15569886e-09 
 4.40000000e-01  4.30042622e-09 
 4.50000000e-01  5.84712245e-09 
 4.60000000e-01  7.93031646e-09 
 4.70000000e-01  1.07266091e-08 
 4.80000000e-01  1.44667352e-08 
 4.90000000e-01  1.94507909e-08 
 5.00000000e-01  2.60673976e-08 
 5.10000000e-01  3.48176915e-08 
 5.20000000e-01  4.63450257e-08 
 5.30000000e-01  6.14710048e-08 
 5.40000000e-01  8.12376972e-08 
 5.50000000e-01  1.06954349e-07 
 5.60000000e-01  1.40244481e-07 
 5.70000000e-01  1.83086003e-07 
 5.80000000e-01  2.37833453e-07 
 5.90000000e-01  3.07208713e-07 
 6.00000000e-01  3.94245836e-07 
 6.10000000e-01  5.02178101e-07 
 6.20000000e-01  6.34261563e-07 
 6.30000000e-01  7.93538834e-07 
 6.40000000e-01  9.82559061e-07 
 6.50000000e-01  1.20308442e-06 
 6.60000000e-01  1.45582909e-06 
 6.70000000e-01  1.74028901e-06 
 6.80000000e-01  2.05471863e-06 
 6.90000000e-01  2.39628276e-06 
 7.00000000e-01  2.76135871e-06 
 7.10000000e-01  3.14591327e-06 
 7.20000000e-01  3.54586330e-06 
 7.30000000e-01  3.95735351e-06 
 7.40000000e-01  4.37692881e-06 
 7.50000000e-01  4.80161272e-06 
 7.60000000e-01  5.22891824e-06 
 7.70000000e-01  5.65681792e-06 
 7.80000000e-01  6.08369340e-06 
 7.90000000e-01  6.50827774e-06 
 8.00000000e-01  6.92959824e-06 
 8.10000000e-01  7.34692395e-06 
 8.20000000e-01  7.75971934e-06 
 8.30000000e-01  8.16760487e-06 
 8.40000000e-01  8.57032390e-06 
 8.50000000e-01  8.96771559e-06 
 8.60000000e-01  9.35969280e-06 
 8.70000000e-01  9.74622444e-06 
 8.80000000e-01  1.01273214e-05 
 8.90000000e-01  1.05030254e-05 
 9.00000000e-01  1.08734006e-05 
 9.10000000e-01  1.12385265e-05 
 9.20000000e-01  1.15984931e-05 
 9.30000000e-01  1.19533970e-05 
 9.40000000e-01  1.23033385e-05 
 9.50000000e-01  1.26484194e-05 
 9.60000000e-01  1.29887413e-05 
 9.70000000e-01  1.33244048e-05 
 9.80000000e-01  1.36555084e-05 
 9.90000000e-01  1.39821483e-05 
 1.00000000e+00  1.43044179e-05 
0.1Volts 
 0.00000000e+00  2.51352758e-12 
 1.00000000e-02  2.51467640e-12 
 2.00000000e-02  2.51676544e-12 
 3.00000000e-02  2.51936883e-12 
 4.00000000e-02  2.52297402e-12 
 5.00000000e-02  2.52796655e-12 
 6.00000000e-02  2.53487986e-12 
 7.00000000e-02  2.54445380e-12 
 8.00000000e-02  2.55771185e-12 
 9.00000000e-02  2.57607000e-12 
 1.00000000e-01  2.60149150e-12 
 1.10000000e-01  2.63669208e-12 
 1.20000000e-01  2.68543261e-12 
 1.30000000e-01  2.75292072e-12 
 1.40000000e-01  2.84636247e-12 
 1.50000000e-01  2.97573598e-12 
 1.60000000e-01  3.15485051e-12 
 1.70000000e-01  3.40281839e-12 
 1.80000000e-01  3.74608547e-12 
 1.90000000e-01  4.22124748e-12 
 2.00000000e-01  4.87892626e-12 
 2.10000000e-01  5.78914607e-12 
 2.20000000e-01  7.04873790e-12 
 2.30000000e-01  8.79157597e-12 
 2.40000000e-01  1.12026863e-11 
 2.50000000e-01  1.45377109e-11 
 2.60000000e-01  1.91497109e-11 
 2.70000000e-01  2.55260570e-11 
 2.80000000e-01  3.43391496e-11 
 2.90000000e-01  4.65160649e-11 
 3.00000000e-01  6.33340364e-11 
 3.10000000e-01  8.65511569e-11 
 3.20000000e-01  1.18584913e-10 
 3.30000000e-01  1.62755521e-10 
 3.40000000e-01  2.23616692e-10 
 3.50000000e-01  3.07403863e-10 
 3.60000000e-01  4.22639524e-10 
 3.70000000e-01  5.80947388e-10 
 3.80000000e-01  7.98142597e-10 
 3.90000000e-01  1.09568414e-09 
 4.00000000e-01  1.50259908e-09 
 4.10000000e-01  2.05801632e-09 
 4.20000000e-01  2.81448127e-09 
 4.30000000e-01  3.84226292e-09 
 4.40000000e-01  5.23491212e-09 
 4.50000000e-01  7.11638792e-09 
 4.60000000e-01  9.65014028e-09 
 4.70000000e-01  1.30506294e-08 
 4.80000000e-01  1.75978793e-08 
 4.90000000e-01  2.36558086e-08 
 5.00000000e-01  3.16952458e-08 
 5.10000000e-01  4.23226667e-08 
 5.20000000e-01  5.63157004e-08 
 5.30000000e-01  7.46661499e-08 
 5.40000000e-01  9.86304185e-08 
 5.50000000e-01  1.29785570e-07 
 5.60000000e-01  1.70086649e-07 
 5.70000000e-01  2.21917546e-07 
 5.80000000e-01  2.88124398e-07 
 5.90000000e-01  3.72018467e-07 
 6.00000000e-01  4.77336133e-07 
 6.10000000e-01  6.08148157e-07 
 6.20000000e-01  7.68718382e-07 
 6.30000000e-01  9.63322098e-07 
 6.40000000e-01  1.19604347e-06 
 6.50000000e-01  1.47057687e-06 
 6.60000000e-01  1.79005714e-06 
 6.70000000e-01  2.15693821e-06 
 6.80000000e-01  2.57293095e-06 
 6.90000000e-01  3.03900079e-06 
 7.00000000e-01  3.55541737e-06 
 7.10000000e-01  4.12184299e-06 
 7.20000000e-01  4.73744423e-06 
 7.30000000e-01  5.40101225e-06 
 7.40000000e-01  6.11107979e-06 
 7.50000000e-01  6.86602635e-06 
 7.60000000e-01  7.66416676e-06 
 7.70000000e-01  8.50382136e-06 
 7.80000000e-01  9.38336791e-06 
 7.90000000e-01  1.03012772e-05 
 8.00000000e-01  1.12561351e-05 
 8.10000000e-01  1.22466529e-05 
 8.20000000e-01  1.32716701e-05 
 8.30000000e-01  1.43301508e-05 
 8.40000000e-01  1.54211760e-05 
 8.50000000e-01  1.65439336e-05 
 8.60000000e-01  1.76977072e-05 
 8.70000000e-01  1.88818644e-05 
 8.80000000e-01  2.00958459e-05 
 8.90000000e-01  2.13391544e-05 
 9.00000000e-01  2.26113449e-05 
 9.10000000e-01  2.39120162e-05 
 9.20000000e-01  2.52408032e-05 
 9.30000000e-01  2.65973699e-05 
 9.40000000e-01  2.79814040e-05 
 9.50000000e-01  2.93926123e-05 
 9.60000000e-01  3.08307160e-05 
 9.70000000e-01  3.22954481e-05 
 9.80000000e-01  3.37865503e-05 
 9.90000000e-01  3.53037709e-05 
 1.00000000e+00  3.68468632e-05 
2.5Volts