 0.00000000e+00  1.42851440e-26 
 1.00000000e-02  2.84983933e-06 
 2.00000000e-02  5.68501163e-06 
 3.00000000e-02  8.50542624e-06 
 4.00000000e-02  1.13109916e-05 
 5.00000000e-02  1.41016152e-05 
 6.00000000e-02  1.68772036e-05 
 7.00000000e-02  1.96376622e-05 
 8.00000000e-02  2.23828957e-05 
 9.00000000e-02  2.51128076e-05 
 1.00000000e-01  2.78273003e-05 
 1.10000000e-01  3.05262754e-05 
 1.20000000e-01  3.32096333e-05 
 1.30000000e-01  3.58772733e-05 
 1.40000000e-01  3.85290937e-05 
 1.50000000e-01  4.11649917e-05 
 1.60000000e-01  4.37848633e-05 
 1.70000000e-01  4.63886034e-05 
 1.80000000e-01  4.89761057e-05 
 1.90000000e-01  5.15472629e-05 
 2.00000000e-01  5.41019664e-05 
 2.10000000e-01  5.66401063e-05 
 2.20000000e-01  5.91615716e-05 
 2.30000000e-01  6.16662500e-05 
 2.40000000e-01  6.41540279e-05 
 2.50000000e-01  6.66247905e-05 
 2.60000000e-01  6.90784218e-05 
 2.70000000e-01  7.15148040e-05 
 2.80000000e-01  7.39338186e-05 
 2.90000000e-01  7.63353452e-05 
 3.00000000e-01  7.87192624e-05 
 3.10000000e-01  8.10854470e-05 
 3.20000000e-01  8.34337747e-05 
 3.30000000e-01  8.57641195e-05 
 3.40000000e-01  8.80763540e-05 
 3.50000000e-01  9.03703495e-05 
 3.60000000e-01  9.26459753e-05 
 3.70000000e-01  9.49030996e-05 
 3.80000000e-01  9.71415887e-05 
 3.90000000e-01  9.93613075e-05 
 4.00000000e-01  1.01562119e-04 
 4.10000000e-01  1.03743885e-04 
 4.20000000e-01  1.05906465e-04 
 4.30000000e-01  1.08049717e-04 
 4.40000000e-01  1.10173497e-04 
 4.50000000e-01  1.12277661e-04 
 4.60000000e-01  1.14362059e-04 
 4.70000000e-01  1.16426545e-04 
 4.80000000e-01  1.18470966e-04 
 4.90000000e-01  1.20495169e-04 
 5.00000000e-01  1.22499000e-04 
 5.10000000e-01  1.24482301e-04 
 5.20000000e-01  1.26444914e-04 
 5.30000000e-01  1.28386677e-04 
 5.40000000e-01  1.30307428e-04 
 5.50000000e-01  1.32207002e-04 
 5.60000000e-01  1.34085230e-04 
 5.70000000e-01  1.35941944e-04 
 5.80000000e-01  1.37776971e-04 
 5.90000000e-01  1.39590137e-04 
 6.00000000e-01  1.41381266e-04 
 6.10000000e-01  1.43150178e-04 
 6.20000000e-01  1.44896693e-04 
 6.30000000e-01  1.46620626e-04 
 6.40000000e-01  1.48321792e-04 
 6.50000000e-01  1.50000001e-04 
 6.60000000e-01  1.51655061e-04 
 6.70000000e-01  1.53286779e-04 
 6.80000000e-01  1.54894957e-04 
 6.90000000e-01  1.56479395e-04 
 7.00000000e-01  1.58039892e-04 
 7.10000000e-01  1.59576241e-04 
 7.20000000e-01  1.61088235e-04 
 7.30000000e-01  1.62575660e-04 
 7.40000000e-01  1.64038304e-04 
 7.50000000e-01  1.65475948e-04 
 7.60000000e-01  1.66888371e-04 
 7.70000000e-01  1.68275350e-04 
 7.80000000e-01  1.69636656e-04 
 7.90000000e-01  1.70972059e-04 
 8.00000000e-01  1.72281324e-04 
 8.10000000e-01  1.73564213e-04 
 8.20000000e-01  1.74820485e-04 
 8.30000000e-01  1.76049895e-04 
 8.40000000e-01  1.77252193e-04 
 8.50000000e-01  1.78427125e-04 
 8.60000000e-01  1.79574437e-04 
 8.70000000e-01  1.80693865e-04 
 8.80000000e-01  1.81785146e-04 
 8.90000000e-01  1.82848010e-04 
 9.00000000e-01  1.83882182e-04 
 9.10000000e-01  1.84887386e-04 
 9.20000000e-01  1.85863338e-04 
 9.30000000e-01  1.86809751e-04 
 9.40000000e-01  1.87726334e-04 
 9.50000000e-01  1.88612788e-04 
 9.60000000e-01  1.89468814e-04 
 9.70000000e-01  1.90294103e-04 
 9.80000000e-01  1.91088343e-04 
 9.90000000e-01  1.91851218e-04 
 1.00000000e+00  1.92582405e-04 
 1.01000000e+00  1.93281574e-04 
 1.02000000e+00  1.93948392e-04 
 1.03000000e+00  1.94582520e-04 
 1.04000000e+00  1.95183610e-04 
 1.05000000e+00  1.95751312e-04 
 1.06000000e+00  1.96285266e-04 
 1.07000000e+00  1.96785108e-04 
 1.08000000e+00  1.97250467e-04 
 1.09000000e+00  1.97680963e-04 
 1.10000000e+00  1.98076212e-04 
 1.11000000e+00  1.98435822e-04 
 1.12000000e+00  1.98759393e-04 
 1.13000000e+00  1.99046517e-04 
 1.14000000e+00  1.99296780e-04 
 1.15000000e+00  1.99509758e-04 
 1.16000000e+00  1.99685021e-04 
 1.17000000e+00  1.99822129e-04 
 1.18000000e+00  1.99920635e-04 
 1.19000000e+00  1.99980081e-04 
 1.20000000e+00  2.00000001e-04 
 1.21000000e+00  2.00000001e-04 
 1.22000000e+00  2.00000001e-04 
 1.23000000e+00  2.00000001e-04 
 1.24000000e+00  2.00000001e-04 
 1.25000000e+00  2.00000001e-04 
 1.26000000e+00  2.00000001e-04 
 1.27000000e+00  2.00000001e-04 
 1.28000000e+00  2.00000001e-04 
 1.29000000e+00  2.00000001e-04 
 1.30000000e+00  2.00000001e-04 
 1.31000000e+00  2.00000001e-04 
 1.32000000e+00  2.00000001e-04 
 1.33000000e+00  2.00000001e-04 
 1.34000000e+00  2.00000001e-04 
 1.35000000e+00  2.00000001e-04 
 1.36000000e+00  2.00000001e-04 
 1.37000000e+00  2.00000001e-04 
 1.38000000e+00  2.00000001e-04 
 1.39000000e+00  2.00000001e-04 
 1.40000000e+00  2.00000001e-04 
 1.41000000e+00  2.00000001e-04 
 1.42000000e+00  2.00000001e-04 
 1.43000000e+00  2.00000001e-04 
 1.44000000e+00  2.00000001e-04 
 1.45000000e+00  2.00000001e-04 
 1.46000000e+00  2.00000001e-04 
 1.47000000e+00  2.00000001e-04 
 1.48000000e+00  2.00000001e-04 
 1.49000000e+00  2.00000001e-04 
 1.50000000e+00  2.00000001e-04 
 1.51000000e+00  2.00000001e-04 
 1.52000000e+00  2.00000001e-04 
 1.53000000e+00  2.00000001e-04 
 1.54000000e+00  2.00000001e-04 
 1.55000000e+00  2.00000001e-04 
 1.56000000e+00  2.00000001e-04 
 1.57000000e+00  2.00000001e-04 
 1.58000000e+00  2.00000001e-04 
 1.59000000e+00  2.00000001e-04 
 1.60000000e+00  2.00000001e-04 
 1.61000000e+00  2.00000001e-04 
 1.62000000e+00  2.00000001e-04 
 1.63000000e+00  2.00000001e-04 
 1.64000000e+00  2.00000001e-04 
 1.65000000e+00  2.00000001e-04 
 1.66000000e+00  2.00000001e-04 
 1.67000000e+00  2.00000001e-04 
 1.68000000e+00  2.00000001e-04 
 1.69000000e+00  2.00000001e-04 
 1.70000000e+00  2.00000002e-04 
 1.71000000e+00  2.00000002e-04 
 1.72000000e+00  2.00000002e-04 
 1.73000000e+00  2.00000002e-04 
 1.74000000e+00  2.00000002e-04 
 1.75000000e+00  2.00000002e-04 
 1.76000000e+00  2.00000002e-04 
 1.77000000e+00  2.00000002e-04 
 1.78000000e+00  2.00000002e-04 
 1.79000000e+00  2.00000002e-04 
 1.80000000e+00  2.00000002e-04 
 1.81000000e+00  2.00000002e-04 
 1.82000000e+00  2.00000002e-04 
 1.83000000e+00  2.00000002e-04 
 1.84000000e+00  2.00000002e-04 
 1.85000000e+00  2.00000002e-04 
 1.86000000e+00  2.00000002e-04 
 1.87000000e+00  2.00000002e-04 
 1.88000000e+00  2.00000002e-04 
 1.89000000e+00  2.00000002e-04 
 1.90000000e+00  2.00000002e-04 
 1.91000000e+00  2.00000002e-04 
 1.92000000e+00  2.00000002e-04 
 1.93000000e+00  2.00000002e-04 
 1.94000000e+00  2.00000002e-04 
 1.95000000e+00  2.00000002e-04 
 1.96000000e+00  2.00000002e-04 
 1.97000000e+00  2.00000002e-04 
 1.98000000e+00  2.00000002e-04 
 1.99000000e+00  2.00000002e-04 
 2.00000000e+00  2.00000002e-04 
 2.01000000e+00  2.00000002e-04 
 2.02000000e+00  2.00000002e-04 
 2.03000000e+00  2.00000002e-04 
 2.04000000e+00  2.00000002e-04 
 2.05000000e+00  2.00000002e-04 
 2.06000000e+00  2.00000002e-04 
 2.07000000e+00  2.00000002e-04 
 2.08000000e+00  2.00000002e-04 
 2.09000000e+00  2.00000002e-04 
 2.10000000e+00  2.00000002e-04 
 2.11000000e+00  2.00000002e-04 
 2.12000000e+00  2.00000002e-04 
 2.13000000e+00  2.00000002e-04 
 2.14000000e+00  2.00000002e-04 
 2.15000000e+00  2.00000002e-04 
 2.16000000e+00  2.00000002e-04 
 2.17000000e+00  2.00000002e-04 
 2.18000000e+00  2.00000002e-04 
 2.19000000e+00  2.00000002e-04 
 2.20000000e+00  2.00000002e-04 
 2.21000000e+00  2.00000002e-04 
 2.22000000e+00  2.00000002e-04 
 2.23000000e+00  2.00000002e-04 
 2.24000000e+00  2.00000002e-04 
 2.25000000e+00  2.00000002e-04 
 2.26000000e+00  2.00000002e-04 
 2.27000000e+00  2.00000002e-04 
 2.28000000e+00  2.00000002e-04 
 2.29000000e+00  2.00000002e-04 
 2.30000000e+00  2.00000002e-04 
 2.31000000e+00  2.00000002e-04 
 2.32000000e+00  2.00000002e-04 
 2.33000000e+00  2.00000002e-04 
 2.34000000e+00  2.00000002e-04 
 2.35000000e+00  2.00000002e-04 
 2.36000000e+00  2.00000002e-04 
 2.37000000e+00  2.00000002e-04 
 2.38000000e+00  2.00000002e-04 
 2.39000000e+00  2.00000002e-04 
 2.40000000e+00  2.00000002e-04 
 2.41000000e+00  2.00000002e-04 
 2.42000000e+00  2.00000002e-04 
 2.43000000e+00  2.00000002e-04 
 2.44000000e+00  2.00000002e-04 
 2.45000000e+00  2.00000002e-04 
 2.46000000e+00  2.00000002e-04 
 2.47000000e+00  2.00000002e-04 
 2.48000000e+00  2.00000002e-04 
 2.49000000e+00  2.00000002e-04 
 2.50000000e+00  2.00000002e-04 
 2.51000000e+00  2.00000002e-04 
 2.52000000e+00  2.00000002e-04 
 2.53000000e+00  2.00000002e-04 
 2.54000000e+00  2.00000002e-04 
 2.55000000e+00  2.00000002e-04 
 2.56000000e+00  2.00000002e-04 
 2.57000000e+00  2.00000002e-04 
 2.58000000e+00  2.00000002e-04 
 2.59000000e+00  2.00000002e-04 
 2.60000000e+00  2.00000002e-04 
 2.61000000e+00  2.00000002e-04 
 2.62000000e+00  2.00000002e-04 
 2.63000000e+00  2.00000002e-04 
 2.64000000e+00  2.00000002e-04 
 2.65000000e+00  2.00000002e-04 
 2.66000000e+00  2.00000002e-04 
 2.67000000e+00  2.00000002e-04 
 2.68000000e+00  2.00000002e-04 
 2.69000000e+00  2.00000002e-04 
 2.70000000e+00  2.00000003e-04 
 2.71000000e+00  2.00000003e-04 
 2.72000000e+00  2.00000003e-04 
 2.73000000e+00  2.00000003e-04 
 2.74000000e+00  2.00000003e-04 
 2.75000000e+00  2.00000003e-04 
 2.76000000e+00  2.00000003e-04 
 2.77000000e+00  2.00000003e-04 
 2.78000000e+00  2.00000003e-04 
 2.79000000e+00  2.00000003e-04 
 2.80000000e+00  2.00000003e-04 
 2.81000000e+00  2.00000003e-04 
 2.82000000e+00  2.00000003e-04 
 2.83000000e+00  2.00000003e-04 
 2.84000000e+00  2.00000003e-04 
 2.85000000e+00  2.00000003e-04 
 2.86000000e+00  2.00000003e-04 
 2.87000000e+00  2.00000003e-04 
 2.88000000e+00  2.00000003e-04 
 2.89000000e+00  2.00000003e-04 
 2.90000000e+00  2.00000003e-04 
 2.91000000e+00  2.00000003e-04 
 2.92000000e+00  2.00000003e-04 
 2.93000000e+00  2.00000003e-04 
 2.94000000e+00  2.00000003e-04 
 2.95000000e+00  2.00000003e-04 
 2.96000000e+00  2.00000003e-04 
 2.97000000e+00  2.00000003e-04 
 2.98000000e+00  2.00000003e-04 
 2.99000000e+00  2.00000003e-04 
 3.00000000e+00  2.00000003e-04 
