-100
-100
-100
-100
59193
-100
-100
-100
55836
2497
2497
2497
2497
2497
2497
9371
2914
2914
2914
2914
2914
2914
2914
-100
-100
-100
-100
-100
-100
-100
-100
9498
9498
-100
-100
-100
-100
-100
-100
-100
-100
-100
-100
-100
-100
6453
6453
2497
-100
174
174
174
6830
6830
5089
5089
5089
2914
6830
6830
6830
5089
-100
-100
9498
1299
1299
-100
-100
-100
-100
-100
-100
-100
6453
6453
6453
6453
6453
6453
6453
6453
6453
6453
6453
6453
-100
55824
55824
55824
20965
20965
20965
20965
20965
786
786
786
786
786
786
786
786
2914
3356
3356
786
786
786
-100
-100
9498
6461
6461
6461
6461
-100
786
-100
-100
-100
-100
-100
-100
-100
-100
-100
-100
-100
-100
-100
-100
3356
3356
2519
2519
4694
2914
2914
2914
2914
2497
2497
2497
2519
9498
3356
3549
-100
-100
-100
-100
-100
-100
-100
-100
-100
-100
-100
-100
-100
-100
2497
2497
2497
2497
2497
20860
20860
35425
35425
6461
6461
20860
-100
9498
-100
-100
-100
-100
-100
-100
-100
-100
6453
6453
6453
174
174
-100
174
174
174
174
174
174
174
174
174
174
174
174
64049
3356
2519
131965
131965
131965
131965
174
174
174
174
174
174
174
9498
131965
-100
-100
-100
-100
-100
-100
-100
-100
-100
2497
2497
2497
2519
2519
2519
55824
11537
11537
-100
14877
9
9
9
2914
174
174
174
174
174
174
174
174
9
9
9
-100
9498
2381
None
9
-100
-100
-100
-100
-100
-100
-100
6453
6453
6453
-100
2828
9
-100
13335
13335
13335
2914
2914
13335
13335
9498
9498
13335
13335
-100
-100
6453
6453
6453
6453
-100
4755
13335
2914
2914
2914
2914
2914
22414
2914
2914
-100
2914
2914
2914
-100
-100
-100
-100
-100
6453
6453
7922
7922
7922
7922
7922
7922
7922
7922
7922
7922
7922
7922
7922
7922
7922
7922
7922
7922
7922
7922
7922
7922
7922
7922
7922
7922
7922
7922
7922
55824
55824
-100
-100
14
14
14
2914
2914
174
174
174
174
-100
9498
174
174
174
174
174
174
174
-100
-100
-100
-100
-100
6453
6453
174
174
174
174
36236
2914
2914
-100
3257
3257
6830
6830
5089
5089
3356
3356
174
174
174
174
174
174
174
174
174
174
174
2914
2914
2914
4713
4713
131965
131965
11537
11164
13335
2914
