-100
-100
-100
-100
59193
-100
-100
-100
55836
2497
2497
2497
2497
2497
2497
9371
2914
2914
2914
2914
-100
-100
2914
2914
2914
2914
2914
2914
2914
2914
2914
2914
-100
-100
-100
-100
-100
-100
-100
-100
9498
9498
-100
-100
-100
-100
9829
9829
9829
9829
9829
2914
2914
2914
2914
2914
9498
2914
2914
2914
2914
2914
9498
45609
-100
9498
9498
4755
4755
174
174
174
6830
6830
5089
5089
5089
2914
2914
6830
6830
5089
2914
6830
6830
6830
5089
2914
6830
6830
6830
5089
-100
-100
9498
1299
1299
-100
55824
55824
55824
20965
20965
20965
20965
20965
786
786
786
786
786
786
786
786
2914
1299
786
786
1299
1299
1299
1299
1299
1299
786
3356
3356
-100
-100
9498
6461
6461
6461
6461
-100
786
3356
3356
2519
2519
4694
2914
2914
2914
2497
2497
2497
2519
2914
2914
2914
2914
2914
2914
2914
2497
2497
9498
3356
3549
20860
20860
35425
35425
2914
6461
6461
20860
174
174
174
174
174
6461
6461
20860
-100
9498
-100
64049
3356
2519
131965
131965
131965
131965
174
174
174
174
174
174
174
174
174
174
174
174
131965
174
174
174
9498
131965
55824
11537
11537
-100
14877
9
9
9
174
174
174
174
174
174
174
174
174
9
9
9
174
174
9
2914
174
174
174
174
174
174
174
-100
9498
2381
None
9
-100
13335
13335
13335
2914
2914
2914
13335
13335
2914
2914
13335
13335
9498
9498
13335
13335
2914
2914
2914
2914
2914
22414
2914
-100
2914
2914
2914
55824
55824
-100
-100
14
14
14
174
174
174
174
174
2914
2914
174
174
174
-100
9498
174
174
174
174
174
174
174
