 0.00000000e+00  4.99999995e+00 
 1.00000000e-02  4.99998993e+00 
 2.00000000e-02  4.99995979e+00 
 3.00000000e-02  4.99990941e+00 
 4.00000000e-02  4.99983866e+00 
 5.00000000e-02  4.99974742e+00 
 6.00000000e-02  4.99963556e+00 
 7.00000000e-02  4.99950297e+00 
 8.00000000e-02  4.99934950e+00 
 9.00000000e-02  4.99917503e+00 
 1.00000000e-01  4.99897943e+00 
 1.10000000e-01  4.99876257e+00 
 1.20000000e-01  4.99852432e+00 
 1.30000000e-01  4.99826453e+00 
 1.40000000e-01  4.99798307e+00 
 1.50000000e-01  4.99767981e+00 
 1.60000000e-01  4.99735460e+00 
 1.70000000e-01  4.99700730e+00 
 1.80000000e-01  4.99663778e+00 
 1.90000000e-01  4.99624588e+00 
 2.00000000e-01  4.99583147e+00 
 2.10000000e-01  4.99539439e+00 
 2.20000000e-01  4.99493450e+00 
 2.30000000e-01  4.99445165e+00 
 2.40000000e-01  4.99394568e+00 
 2.50000000e-01  4.99341644e+00 
 2.60000000e-01  4.99286377e+00 
 2.70000000e-01  4.99228753e+00 
 2.80000000e-01  4.99168754e+00 
 2.90000000e-01  4.99106366e+00 
 3.00000000e-01  4.99041571e+00 
 3.10000000e-01  4.98974353e+00 
 3.20000000e-01  4.98904696e+00 
 3.30000000e-01  4.98832583e+00 
 3.40000000e-01  4.98757996e+00 
 3.50000000e-01  4.98680919e+00 
 3.60000000e-01  4.98601335e+00 
 3.70000000e-01  4.98519225e+00 
 3.80000000e-01  4.98434572e+00 
 3.90000000e-01  4.98347358e+00 
 4.00000000e-01  4.98257564e+00 
 4.10000000e-01  4.98165173e+00 
 4.20000000e-01  4.98070165e+00 
 4.30000000e-01  4.97972521e+00 
 4.40000000e-01  4.97872223e+00 
 4.50000000e-01  4.97769251e+00 
 4.60000000e-01  4.97663586e+00 
 4.70000000e-01  4.97555208e+00 
 4.80000000e-01  4.97444096e+00 
 4.90000000e-01  4.97330230e+00 
 5.00000000e-01  4.97213590e+00 
 5.10000000e-01  4.97094155e+00 
 5.20000000e-01  4.96971904e+00 
 5.30000000e-01  4.96846815e+00 
 5.40000000e-01  4.96718867e+00 
 5.50000000e-01  4.96588038e+00 
 5.60000000e-01  4.96454305e+00 
 5.70000000e-01  4.96317647e+00 
 5.80000000e-01  4.96178040e+00 
 5.90000000e-01  4.96035462e+00 
 6.00000000e-01  4.95889889e+00 
 6.10000000e-01  4.95741297e+00 
 6.20000000e-01  4.95589662e+00 
 6.30000000e-01  4.95434961e+00 
 6.40000000e-01  4.95277167e+00 
 6.50000000e-01  4.95116258e+00 
 6.60000000e-01  4.94952206e+00 
 6.70000000e-01  4.94784987e+00 
 6.80000000e-01  4.94614574e+00 
 6.90000000e-01  4.94440942e+00 
 7.00000000e-01  4.94264063e+00 
 7.10000000e-01  4.94083910e+00 
 7.20000000e-01  4.93900456e+00 
 7.30000000e-01  4.93713674e+00 
 7.40000000e-01  4.93523533e+00 
 7.50000000e-01  4.93330007e+00 
 7.60000000e-01  4.93133066e+00 
 7.70000000e-01  4.92932681e+00 
 7.80000000e-01  4.92728821e+00 
 7.90000000e-01  4.92521457e+00 
 8.00000000e-01  4.92310557e+00 
 8.10000000e-01  4.92096090e+00 
 8.20000000e-01  4.91878025e+00 
 8.30000000e-01  4.91656329e+00 
 8.40000000e-01  4.91430970e+00 
 8.50000000e-01  4.91201914e+00 
 8.60000000e-01  4.90969129e+00 
 8.70000000e-01  4.90732579e+00 
 8.80000000e-01  4.90492230e+00 
 8.90000000e-01  4.90248047e+00 
 9.00000000e-01  4.89999994e+00 
 9.10000000e-01  4.89748035e+00 
 9.20000000e-01  4.89492132e+00 
 9.30000000e-01  4.89232249e+00 
 9.40000000e-01  4.88968347e+00 
 9.50000000e-01  4.88700388e+00 
 9.60000000e-01  4.88428331e+00 
 9.70000000e-01  4.88152138e+00 
 9.80000000e-01  4.87871768e+00 
 9.90000000e-01  4.87587178e+00 
 1.00000000e+00  4.87298329e+00 
 1.01000000e+00  4.87005175e+00 
 1.02000000e+00  4.86707675e+00 
 1.03000000e+00  4.86405784e+00 
 1.04000000e+00  4.86099457e+00 
 1.05000000e+00  4.85788649e+00 
 1.06000000e+00  4.85473313e+00 
 1.07000000e+00  4.85153402e+00 
 1.08000000e+00  4.84828867e+00 
 1.09000000e+00  4.84499661e+00 
 1.10000000e+00  4.84165732e+00 
 1.11000000e+00  4.83827031e+00 
 1.12000000e+00  4.83483506e+00 
 1.13000000e+00  4.83135104e+00 
 1.14000000e+00  4.82781772e+00 
 1.15000000e+00  4.82423455e+00 
 1.16000000e+00  4.82060098e+00 
 1.17000000e+00  4.81691644e+00 
 1.18000000e+00  4.81318036e+00 
 1.19000000e+00  4.80939215e+00 
 1.20000000e+00  4.80555121e+00 
 1.21000000e+00  4.80165694e+00 
 1.22000000e+00  4.79770870e+00 
 1.23000000e+00  4.79370587e+00 
 1.24000000e+00  4.78964781e+00 
 1.25000000e+00  4.78553384e+00 
 1.26000000e+00  4.78136331e+00 
 1.27000000e+00  4.77713552e+00 
 1.28000000e+00  4.77284977e+00 
 1.29000000e+00  4.76850536e+00 
 1.30000000e+00  4.76410155e+00 
 1.31000000e+00  4.75963760e+00 
 1.32000000e+00  4.75511274e+00 
 1.33000000e+00  4.75052621e+00 
 1.34000000e+00  4.74587721e+00 
 1.35000000e+00  4.74116493e+00 
 1.36000000e+00  4.73638854e+00 
 1.37000000e+00  4.73154720e+00 
 1.38000000e+00  4.72664004e+00 
 1.39000000e+00  4.72166618e+00 
 1.40000000e+00  4.71662472e+00 
 1.41000000e+00  4.71151474e+00 
 1.42000000e+00  4.70633528e+00 
 1.43000000e+00  4.70108538e+00 
 1.44000000e+00  4.69576405e+00 
 1.45000000e+00  4.69037028e+00 
 1.46000000e+00  4.68490303e+00 
 1.47000000e+00  4.67936124e+00 
 1.48000000e+00  4.67374382e+00 
 1.49000000e+00  4.66804965e+00 
 1.50000000e+00  4.66227759e+00 
 1.51000000e+00  4.65642648e+00 
 1.52000000e+00  4.65049510e+00 
 1.53000000e+00  4.64448223e+00 
 1.54000000e+00  4.63838661e+00 
 1.55000000e+00  4.63220693e+00 
 1.56000000e+00  4.62594188e+00 
 1.57000000e+00  4.61959007e+00 
 1.58000000e+00  4.61315011e+00 
 1.59000000e+00  4.60662056e+00 
 1.60000000e+00  4.59999993e+00 
 1.61000000e+00  4.59328671e+00 
 1.62000000e+00  4.58647933e+00 
 1.63000000e+00  4.57957617e+00 
 1.64000000e+00  4.57257559e+00 
 1.65000000e+00  4.56547588e+00 
 1.66000000e+00  4.55827528e+00 
 1.67000000e+00  4.55097199e+00 
 1.68000000e+00  4.54356414e+00 
 1.69000000e+00  4.53604982e+00 
 1.70000000e+00  4.52842706e+00 
 1.71000000e+00  4.52069379e+00 
 1.72000000e+00  4.51284794e+00 
 1.73000000e+00  4.50488732e+00 
 1.74000000e+00  4.49680968e+00 
 1.75000000e+00  4.48861272e+00 
 1.76000000e+00  4.48029403e+00 
 1.77000000e+00  4.47185115e+00 
 1.78000000e+00  4.46328150e+00 
 1.79000000e+00  4.45458245e+00 
 1.80000000e+00  4.44575124e+00 
 1.81000000e+00  4.43678504e+00 
 1.82000000e+00  4.42768089e+00 
 1.83000000e+00  4.41843575e+00 
 1.84000000e+00  4.40904645e+00 
 1.85000000e+00  4.39950969e+00 
 1.86000000e+00  4.38982206e+00 
 1.87000000e+00  4.37998001e+00 
 1.88000000e+00  4.36997985e+00 
 1.89000000e+00  4.35981774e+00 
 1.90000000e+00  4.34948967e+00 
 1.91000000e+00  4.33899149e+00 
 1.92000000e+00  4.32831885e+00 
 1.93000000e+00  4.31746721e+00 
 1.94000000e+00  4.30643184e+00 
 1.95000000e+00  4.29520781e+00 
 1.96000000e+00  4.28378994e+00 
 1.97000000e+00  4.27217282e+00 
 1.98000000e+00  4.26035078e+00 
 1.99000000e+00  4.24831789e+00 
 2.00000000e+00  4.23606791e+00 
 2.01000000e+00  4.22359430e+00 
 2.02000000e+00  4.21089016e+00 
 2.03000000e+00  4.19794827e+00 
 2.04000000e+00  4.18476099e+00 
 2.05000000e+00  4.17132028e+00 
 2.06000000e+00  4.15761763e+00 
 2.07000000e+00  4.14364407e+00 
 2.08000000e+00  4.12939009e+00 
 2.09000000e+00  4.11484561e+00 
 2.10000000e+00  4.09999994e+00 
 2.11000000e+00  4.08484171e+00 
 2.12000000e+00  4.06935882e+00 
 2.13000000e+00  4.05353836e+00 
 2.14000000e+00  4.03736655e+00 
 2.15000000e+00  4.02082865e+00 
 2.16000000e+00  4.00390885e+00 
 2.17000000e+00  3.98659017e+00 
 2.18000000e+00  3.96885435e+00 
 2.19000000e+00  3.95068166e+00 
 2.20000000e+00  3.93205079e+00 
 2.21000000e+00  3.91293862e+00 
 2.22000000e+00  3.89332005e+00 
 2.23000000e+00  3.87316768e+00 
 2.24000000e+00  3.85245156e+00 
 2.25000000e+00  3.83113886e+00 
 2.26000000e+00  3.80919338e+00 
 2.27000000e+00  3.78657515e+00 
 2.28000000e+00  3.76323979e+00 
 2.29000000e+00  3.73913779e+00 
 2.30000000e+00  3.71421372e+00 
 2.31000000e+00  3.68840507e+00 
 2.32000000e+00  3.66164104e+00 
 2.33000000e+00  3.63384081e+00 
 2.34000000e+00  3.60491148e+00 
 2.35000000e+00  3.57474541e+00 
 2.36000000e+00  3.54321665e+00 
 2.37000000e+00  3.51017634e+00 
 2.38000000e+00  3.47544633e+00 
 2.39000000e+00  3.43881049e+00 
 2.40000000e+00  3.40000227e+00 
 2.41000000e+00  3.35868652e+00 
 2.42000000e+00  3.31443193e+00 
 2.43000000e+00  3.26666730e+00 
 2.44000000e+00  3.21460848e+00 
 2.45000000e+00  3.15712748e+00 
 2.46000000e+00  3.09249586e+00 
 2.47000000e+00  3.01781465e+00 
 2.48000000e+00  2.92748712e+00 
 2.49000000e+00  2.80760569e+00 
 2.50000000e+00  2.50293309e+00 
 2.51000000e+00  2.19374002e+00 
 2.52000000e+00  2.07196840e+00 
 2.53000000e+00  1.98139002e+00 
 2.54000000e+00  1.90732891e+00 
 2.55000000e+00  1.84282868e+00 
 2.56000000e+00  1.78537140e+00 
 2.57000000e+00  1.73332258e+00 
 2.58000000e+00  1.68556262e+00 
 2.59000000e+00  1.64131031e+00 
 2.60000000e+00  1.59999577e+00 
 2.61000000e+00  1.56118825e+00 
 2.62000000e+00  1.52455282e+00 
 2.63000000e+00  1.48982307e+00 
 2.64000000e+00  1.45678293e+00 
 2.65000000e+00  1.42525428e+00 
 2.66000000e+00  1.39508829e+00 
 2.67000000e+00  1.36615902e+00 
 2.68000000e+00  1.33835882e+00 
 2.69000000e+00  1.31159482e+00 
 2.70000000e+00  1.28578620e+00 
 2.71000000e+00  1.26086214e+00 
 2.72000000e+00  1.23676016e+00 
 2.73000000e+00  1.21342480e+00 
 2.74000000e+00  1.19080658e+00 
 2.75000000e+00  1.16886111e+00 
 2.76000000e+00  1.14754841e+00 
 2.77000000e+00  1.12683230e+00 
 2.78000000e+00  1.10667994e+00 
 2.79000000e+00  1.08706136e+00 
 2.80000000e+00  1.06794920e+00 
 2.81000000e+00  1.04931833e+00 
 2.82000000e+00  1.03114564e+00 
 2.83000000e+00  1.01340982e+00 
 2.84000000e+00  9.96091143e-01 
 2.85000000e+00  9.79171345e-01 
 2.86000000e+00  9.62633446e-01 
 2.87000000e+00  9.46461640e-01 
 2.88000000e+00  9.30641180e-01 
 2.89000000e+00  9.15158286e-01 
 2.90000000e+00  9.00000054e-01 
 2.91000000e+00  8.85154382e-01 
 2.92000000e+00  8.70609904e-01 
 2.93000000e+00  8.56355924e-01 
 2.94000000e+00  8.42382364e-01 
 2.95000000e+00  8.28679718e-01 
 2.96000000e+00  8.15239004e-01 
 2.97000000e+00  8.02051725e-01 
 2.98000000e+00  7.89109834e-01 
 2.99000000e+00  7.76405703e-01 
 3.00000000e+00  7.63932088e-01 
 3.01000000e+00  7.51682108e-01 
 3.02000000e+00  7.39649217e-01 
 3.03000000e+00  7.27827181e-01 
 3.04000000e+00  7.16210060e-01 
 3.05000000e+00  7.04792188e-01 
 3.06000000e+00  6.93568155e-01 
 3.07000000e+00  6.82532791e-01 
 3.08000000e+00  6.71681153e-01 
 3.09000000e+00  6.61008509e-01 
 3.10000000e+00  6.50510327e-01 
 3.11000000e+00  6.40182262e-01 
 3.12000000e+00  6.30020150e-01 
 3.13000000e+00  6.20019990e-01 
 3.14000000e+00  6.10177942e-01 
 3.15000000e+00  6.00490313e-01 
 3.16000000e+00  5.90953554e-01 
 3.17000000e+00  5.81564249e-01 
 3.18000000e+00  5.72319108e-01 
 3.19000000e+00  5.63214963e-01 
 3.20000000e+00  5.54248759e-01 
 3.21000000e+00  5.45417551e-01 
 3.22000000e+00  5.36718497e-01 
 3.23000000e+00  5.28148853e-01 
 3.24000000e+00  5.19705968e-01 
 3.25000000e+00  5.11387282e-01 
 3.26000000e+00  5.03190319e-01 
 3.27000000e+00  4.95112685e-01 
 3.28000000e+00  4.87152061e-01 
 3.29000000e+00  4.79306205e-01 
 3.30000000e+00  4.71572945e-01 
 3.31000000e+00  4.63950175e-01 
 3.32000000e+00  4.56435857e-01 
 3.33000000e+00  4.49028011e-01 
 3.34000000e+00  4.41724720e-01 
 3.35000000e+00  4.34524122e-01 
 3.36000000e+00  4.27424409e-01 
 3.37000000e+00  4.20423828e-01 
 3.38000000e+00  4.13520674e-01 
 3.39000000e+00  4.06713291e-01 
 3.40000000e+00  4.00000069e-01 
 3.41000000e+00  3.93379443e-01 
 3.42000000e+00  3.86849891e-01 
 3.43000000e+00  3.80409932e-01 
 3.44000000e+00  3.74058125e-01 
 3.45000000e+00  3.67793066e-01 
 3.46000000e+00  3.61613391e-01 
 3.47000000e+00  3.55517767e-01 
 3.48000000e+00  3.49504899e-01 
 3.49000000e+00  3.43573523e-01 
 3.50000000e+00  3.37722407e-01 
 3.51000000e+00  3.31950351e-01 
 3.52000000e+00  3.26256183e-01 
 3.53000000e+00  3.20638760e-01 
 3.54000000e+00  3.15096968e-01 
 3.55000000e+00  3.09629718e-01 
 3.56000000e+00  3.04235947e-01 
 3.57000000e+00  2.98914620e-01 
 3.58000000e+00  2.93664721e-01 
 3.59000000e+00  2.88485262e-01 
 3.60000000e+00  2.83375276e-01 
 3.61000000e+00  2.78333816e-01 
 3.62000000e+00  2.73359960e-01 
 3.63000000e+00  2.68452803e-01 
 3.64000000e+00  2.63611462e-01 
 3.65000000e+00  2.58835074e-01 
 3.66000000e+00  2.54122792e-01 
 3.67000000e+00  2.49473790e-01 
 3.68000000e+00  2.44887258e-01 
 3.69000000e+00  2.40362403e-01 
 3.70000000e+00  2.35898450e-01 
 3.71000000e+00  2.31494639e-01 
 3.72000000e+00  2.27150225e-01 
 3.73000000e+00  2.22864481e-01 
 3.74000000e+00  2.18636692e-01 
 3.75000000e+00  2.14466158e-01 
 3.76000000e+00  2.10352194e-01 
 3.77000000e+00  2.06294128e-01 
 3.78000000e+00  2.02291300e-01 
 3.79000000e+00  1.98343064e-01 
 3.80000000e+00  1.94448788e-01 
 3.81000000e+00  1.90607849e-01 
 3.82000000e+00  1.86819638e-01 
 3.83000000e+00  1.83083557e-01 
 3.84000000e+00  1.79399019e-01 
 3.85000000e+00  1.75765449e-01 
 3.86000000e+00  1.72182280e-01 
 3.87000000e+00  1.68648958e-01 
 3.88000000e+00  1.65164938e-01 
 3.89000000e+00  1.61729686e-01 
 3.90000000e+00  1.58342675e-01 
 3.91000000e+00  1.55003391e-01 
 3.92000000e+00  1.51711326e-01 
 3.93000000e+00  1.48465982e-01 
 3.94000000e+00  1.45266870e-01 
 3.95000000e+00  1.42113509e-01 
 3.96000000e+00  1.39005427e-01 
 3.97000000e+00  1.35942159e-01 
 3.98000000e+00  1.32923249e-01 
 3.99000000e+00  1.29948248e-01 
 4.00000000e+00  1.27016715e-01 
 4.01000000e+00  1.24128215e-01 
 4.02000000e+00  1.21282323e-01 
 4.03000000e+00  1.18478618e-01 
 4.04000000e+00  1.15716686e-01 
 4.05000000e+00  1.12996123e-01 
 4.06000000e+00  1.10316529e-01 
 4.07000000e+00  1.07677509e-01 
 4.08000000e+00  1.05078677e-01 
 4.09000000e+00  1.02519652e-01 
 4.10000000e+00  1.00000060e-01 
 4.11000000e+00  9.75195301e-02 
 4.12000000e+00  9.50777001e-02 
 4.13000000e+00  9.26742118e-02 
 4.14000000e+00  9.03087131e-02 
 4.15000000e+00  8.79808569e-02 
 4.16000000e+00  8.56903016e-02 
 4.17000000e+00  8.34367106e-02 
 4.18000000e+00  8.12197525e-02 
 4.19000000e+00  7.90391005e-02 
 4.20000000e+00  7.68944330e-02 
 4.21000000e+00  7.47854329e-02 
 4.22000000e+00  7.27117877e-02 
 4.23000000e+00  7.06731896e-02 
 4.24000000e+00  6.86693352e-02 
 4.25000000e+00  6.66999254e-02 
 4.26000000e+00  6.47646652e-02 
 4.27000000e+00  6.28632642e-02 
 4.28000000e+00  6.09954357e-02 
 4.29000000e+00  5.91608973e-02 
 4.30000000e+00  5.73593703e-02 
 4.31000000e+00  5.55905801e-02 
 4.32000000e+00  5.38542557e-02 
 4.33000000e+00  5.21501299e-02 
 4.34000000e+00  5.04779391e-02 
 4.35000000e+00  4.88374234e-02 
 4.36000000e+00  4.72283262e-02 
 4.37000000e+00  4.56503946e-02 
 4.38000000e+00  4.41033788e-02 
 4.39000000e+00  4.25870326e-02 
 4.40000000e+00  4.11011128e-02 
 4.41000000e+00  3.96453795e-02 
 4.42000000e+00  3.82195961e-02 
 4.43000000e+00  3.68235287e-02 
 4.44000000e+00  3.54569468e-02 
 4.45000000e+00  3.41196226e-02 
 4.46000000e+00  3.28113314e-02 
 4.47000000e+00  3.15318513e-02 
 4.48000000e+00  3.02809632e-02 
 4.49000000e+00  2.90584507e-02 
 4.50000000e+00  2.78641002e-02 
 4.51000000e+00  2.66977008e-02 
 4.52000000e+00  2.55590442e-02 
 4.53000000e+00  2.44479245e-02 
 4.54000000e+00  2.33641385e-02 
 4.55000000e+00  2.23074856e-02 
 4.56000000e+00  2.12777674e-02 
 4.57000000e+00  2.02747880e-02 
 4.58000000e+00  1.92983540e-02 
 4.59000000e+00  1.83482740e-02 
 4.60000000e+00  1.74243592e-02 
 4.61000000e+00  1.65264229e-02 
 4.62000000e+00  1.56542807e-02 
 4.63000000e+00  1.48077502e-02 
 4.64000000e+00  1.39866512e-02 
 4.65000000e+00  1.31908059e-02 
 4.66000000e+00  1.24200381e-02 
 4.67000000e+00  1.16741739e-02 
 4.68000000e+00  1.09530413e-02 
 4.69000000e+00  1.02564705e-02 
 4.70000000e+00  9.58429328e-03 
 4.71000000e+00  8.93634358e-03 
 4.72000000e+00  8.31245714e-03 
 4.73000000e+00  7.71247155e-03 
 4.74000000e+00  7.13622621e-03 
 4.75000000e+00  6.58356234e-03 
 4.76000000e+00  6.05432288e-03 
 4.77000000e+00  5.54835255e-03 
 4.78000000e+00  5.06549776e-03 
 4.79000000e+00  4.60560658e-03 
 4.80000000e+00  4.16852876e-03 
 4.81000000e+00  3.75411569e-03 
 4.82000000e+00  3.36222036e-03 
 4.83000000e+00  2.99269731e-03 
 4.84000000e+00  2.64540269e-03 
 4.85000000e+00  2.32019415e-03 
 4.86000000e+00  2.01693087e-03 
 4.87000000e+00  1.73547351e-03 
 4.88000000e+00  1.47568420e-03 
 4.89000000e+00  1.23742653e-03 
 4.90000000e+00  1.02056550e-03 
 4.91000000e+00  8.24967507e-04 
 4.92000000e+00  6.50500361e-04 
 4.93000000e+00  4.97033213e-04 
 4.94000000e+00  3.64436568e-04 
 4.95000000e+00  2.52582253e-04 
 4.96000000e+00  1.61343404e-04 
 4.97000000e+00  9.05944433e-05 
 4.98000000e+00  4.02110635e-05 
 4.99000000e+00  1.00702093e-05 
 5.00000000e+00  5.00595148e-08 
